     0         USA         MEX         CAN         OCN         JAP         EAA         SEA         IND         SOA         BRA         LAM         WEU         REU         MNA         AFR         RUS
   USA  5.1468e+03  8.5770e+01  1.0712e+02  2.0699e+01  8.3464e+01  1.2975e+02  4.2196e+01  9.9373e+00  5.5635e+00  1.6293e+01  6.0280e+01  2.6001e+02  2.2595e+01  4.7417e+01  2.0210e+01  1.3182e+01
   MEX  5.2559e+01  2.7828e+02  2.3921e+00  4.5735e-01  3.6978e+00  7.5746e+00  2.3680e+00  4.5414e-01  2.0470e-01  1.7197e+00  3.1978e+00  1.3545e+01  1.1848e+00  1.4528e+00  6.8138e-01  3.9412e-01
   CAN  1.4511e+02  4.2900e+00  3.1596e+02  1.8850e+00  7.8514e+00  1.3301e+01  3.9716e+00  1.1661e+00  6.8138e-01  1.6000e+00  4.5616e+00  3.1194e+01  3.0901e+00  4.5795e+00  1.9227e+00  1.4449e+00
   OCN  1.7458e+01  8.0548e-01  1.7488e+00  2.6896e+02  1.8713e+01  1.8379e+01  8.1607e+00  7.4724e+00  8.7653e-01  7.7132e-01  1.4622e+00  2.5198e+01  2.0464e+00  5.7238e+00  2.1624e+00  1.0627e+00
   JAP  4.8319e+01  2.8630e+00  3.6941e+00  6.3802e+00  1.0005e+03  5.4185e+01  1.6164e+01  2.2967e+00  1.2007e+00  2.3102e+00  3.6278e+00  4.1534e+01  3.9261e+00  1.4908e+01  3.1614e+00  2.7458e+00
   EAA  5.1627e+02  2.9391e+01  4.4093e+01  5.4895e+01  3.2977e+02  3.8634e+03  1.7046e+02  3.0869e+01  1.5510e+01  2.6287e+01  4.8958e+01  5.1164e+02  5.3116e+01  1.2970e+02  3.9757e+01  4.1146e+01
   SEA  7.5826e+01  4.5654e+00  6.4555e+00  2.5085e+01  5.3903e+01  8.0418e+01  5.2753e+02  7.9774e+00  6.4462e+00  3.1672e+00  6.5310e+00  1.0668e+02  1.1517e+01  2.4364e+01  7.3482e+00  6.4318e+00
   IND  3.8771e+01  1.7894e+00  3.2477e+00  7.3614e+00  1.1426e+01  2.4112e+01  1.7253e+01  9.3643e+02  1.1970e+01  3.0966e+00  3.7686e+00  6.2601e+01  5.4480e+00  4.1267e+01  1.7546e+01  4.0199e+00
   SOA  3.7857e+00  1.4830e-01  3.4095e-01  4.9521e-01  1.4103e+00  3.0070e+00  1.8414e+00  1.9738e+00  1.0277e+02  2.2872e-01  2.9610e-01  6.7017e+00  5.7432e-01  2.8475e+00  4.8119e-01  4.4118e-01
   BRA  3.2547e+01  2.6886e+00  2.0390e+00  9.9877e-01  4.9349e+00  8.7466e+00  2.8771e+00  1.0012e+00  4.2559e-01  2.4131e+02  1.3359e+01  2.6131e+01  2.9221e+00  5.7902e+00  4.2074e+00  1.7205e+00
   LAM  1.2362e+02  9.6557e+00  8.0453e+00  2.7821e+00  1.1656e+01  1.9587e+01  5.4837e+00  1.8031e+00  8.9647e-01  1.7997e+01  4.7667e+02  6.4207e+01  5.8316e+00  8.1834e+00  4.1097e+00  4.3887e+00
   WEU  2.1365e+02  1.0922e+01  1.8324e+01  1.5948e+01  4.6639e+01  7.6021e+01  3.1551e+01  1.2465e+01  6.3443e+00  1.3764e+01  2.2916e+01  2.8324e+03  9.1133e+01  7.8886e+01  3.6467e+01  2.7968e+01
   REU  5.3120e+01  2.7974e+00  5.2767e+00  4.7532e+00  1.4089e+01  2.6554e+01  1.1798e+01  4.0495e+00  1.9461e+00  4.6966e+00  6.9780e+00  2.6996e+02  8.4840e+02  3.4346e+01  7.7891e+00  3.4357e+01
   MNA  1.3049e+02  6.6537e+00  9.3349e+00  1.3046e+01  1.0783e+02  1.1151e+02  3.8964e+01  3.6012e+01  2.9022e+01  1.3138e+01  1.1729e+01  2.6647e+02  2.8058e+01  1.2533e+03  3.0769e+01  2.0521e+01
   AFR  2.8442e+01  1.6057e+00  2.5584e+00  2.9599e+00  1.1293e+01  1.4959e+01  6.0554e+00  6.4130e+00  9.8539e-01  3.9489e+00  2.5746e+00  7.2859e+01  5.8566e+00  1.2758e+01  3.6980e+02  3.2827e+00
   RUS  9.5657e+01  4.7034e+00  7.0514e+00  5.6766e+00  3.1005e+01  6.6765e+01  1.8010e+01  8.4599e+00  4.5344e+00  8.5391e+00  1.5226e+01  2.8026e+02  8.1321e+01  5.8619e+01  8.4620e+00  1.4791e+03

     1         USA         MEX         CAN         OCN         JAP         EAA         SEA         IND         SOA         BRA         LAM         WEU         REU         MNA         AFR         RUS
   USA  5.1516e+03  8.5837e+01  1.0623e+02  2.0975e+01  8.2506e+01  1.3516e+02  4.2266e+01  1.0290e+01  5.6753e+00  1.6154e+01  6.0964e+01  2.5743e+02  2.2596e+01  4.7641e+01  2.0305e+01  1.3666e+01
   MEX  5.3570e+01  2.8468e+02  2.4238e+00  4.6808e-01  3.7146e+00  8.0429e+00  2.4116e+00  4.9372e-01  2.1306e-01  1.7231e+00  3.2848e+00  1.3632e+01  1.2069e+00  1.4932e+00  7.0081e-01  4.1705e-01
   CAN  1.4705e+02  4.3644e+00  3.2281e+02  1.9266e+00  7.9191e+00  1.4197e+01  4.0617e+00  1.2341e+00  7.0632e-01  1.6151e+00  4.6854e+00  3.1435e+01  3.1459e+00  4.6996e+00  1.9684e+00  1.5297e+00
   OCN  1.7812e+01  8.2679e-01  1.7744e+00  2.7815e+02  1.8978e+01  1.9607e+01  8.3737e+00  7.8130e+00  9.1825e-01  7.7983e-01  1.5088e+00  2.5518e+01  2.0964e+00  5.8808e+00  2.2182e+00  1.1262e+00
   JAP  4.8383e+01  2.8848e+00  3.7010e+00  6.4145e+00  1.0042e+03  5.6891e+01  1.6225e+01  2.3922e+00  1.2277e+00  2.3046e+00  3.6783e+00  4.1403e+01  3.9531e+00  1.5123e+01  3.1900e+00  2.8608e+00
   EAA  5.6276e+02  3.2211e+01  4.8011e+01  5.9504e+01  3.5109e+02  4.2287e+03  1.8358e+02  3.4439e+01  1.7026e+01  2.7834e+01  5.3178e+01  5.5338e+02  5.7750e+01  1.4131e+02  4.3402e+01  4.6294e+01
   SEA  7.8864e+01  4.7698e+00  6.6917e+00  2.5895e+01  5.4985e+01  8.7433e+01  5.4574e+02  8.5308e+00  6.7843e+00  3.2525e+00  6.8324e+00  1.0969e+02  1.1959e+01  2.5566e+01  7.6622e+00  6.9109e+00
   IND  4.1164e+01  1.9092e+00  3.4453e+00  7.6400e+00  1.1942e+01  2.6618e+01  1.8107e+01  9.9467e+02  1.2763e+01  3.1835e+00  4.0155e+00  6.5641e+01  5.7707e+00  4.3472e+01  1.8271e+01  4.3882e+00
   SOA  4.1377e+00  1.6176e-01  3.7111e-01  5.3149e-01  1.4969e+00  3.3802e+00  1.9788e+00  2.1278e+00  1.1093e+02  2.4459e-01  3.2422e-01  7.2189e+00  6.2266e-01  3.0962e+00  5.1504e-01  4.9650e-01
   BRA  3.2809e+01  2.7183e+00  2.0436e+00  1.0138e+00  4.9384e+00  9.2942e+00  2.9443e+00  1.0473e+00  4.3932e-01  2.4454e+02  1.3576e+01  2.6182e+01  2.9632e+00  5.9284e+00  4.3027e+00  1.8208e+00
   LAM  1.2501e+02  9.8472e+00  8.1413e+00  2.8588e+00  1.1773e+01  2.1048e+01  5.6333e+00  1.9081e+00  9.3255e-01  1.8166e+01  4.8813e+02  6.4840e+01  5.9345e+00  8.4021e+00  4.2019e+00  4.6298e+00
   WEU  2.1494e+02  1.1018e+01  1.8410e+01  1.6133e+01  4.6600e+01  8.0450e+01  3.2025e+01  1.3054e+01  6.5471e+00  1.3768e+01  2.3286e+01  2.8424e+03  9.1376e+01  8.0202e+01  3.7137e+01  2.9150e+01
   REU  5.3314e+01  2.8179e+00  5.2672e+00  4.7797e+00  1.3984e+01  2.7929e+01  1.1937e+01  4.2419e+00  2.0076e+00  4.6691e+00  7.0543e+00  2.6725e+02  8.5649e+02  3.4891e+01  7.8696e+00  3.5525e+01
   MNA  1.3259e+02  6.7912e+00  9.5007e+00  1.3438e+01  1.0847e+02  1.2143e+02  4.0316e+01  3.8392e+01  3.0592e+01  1.3218e+01  1.2064e+01  2.6822e+02  2.8507e+01  1.2844e+03  3.1520e+01  2.1675e+01
   AFR  2.8215e+01  1.6155e+00  2.5526e+00  3.0150e+00  1.1205e+01  1.5825e+01  6.1519e+00  6.7449e+00  1.0270e+00  3.9636e+00  2.6029e+00  7.0865e+01  5.8515e+00  1.2923e+01  3.7851e+02  3.4286e+00
   RUS  1.0163e+02  5.0410e+00  7.4881e+00  6.0557e+00  3.3034e+01  7.5811e+01  1.9507e+01  9.5033e+00  4.9188e+00  8.9889e+00  1.6148e+01  2.9389e+02  8.5562e+01  6.2777e+01  9.0082e+00  1.5785e+03

     2         USA         MEX         CAN         OCN         JAP         EAA         SEA         IND         SOA         BRA         LAM         WEU         REU         MNA         AFR         RUS
   USA  5.2636e+03  8.7456e+01  1.0803e+02  2.1417e+01  8.3284e+01  1.4293e+02  4.3202e+01  1.0752e+01  5.8705e+00  1.6394e+01  6.2309e+01  2.5979e+02  2.3055e+01  4.8730e+01  2.0603e+01  1.4226e+01
   MEX  5.4533e+01  2.8998e+02  2.4579e+00  4.7603e-01  3.7255e+00  8.4482e+00  2.4492e+00  5.2298e-01  2.2039e-01  1.7263e+00  3.3502e+00  1.3704e+01  1.2295e+00  1.5240e+00  7.0960e-01  4.3282e-01
   CAN  1.4801e+02  4.3882e+00  3.2630e+02  1.9430e+00  7.8965e+00  1.4811e+01  4.0951e+00  1.2704e+00  7.2654e-01  1.6227e+00  4.7211e+00  3.1447e+01  3.1712e+00  4.7390e+00  1.9728e+00  1.5743e+00
   OCN  1.8335e+01  8.5533e-01  1.8375e+00  2.8527e+02  1.9489e+01  2.0955e+01  8.5928e+00  8.3762e+00  9.4469e-01  8.0943e-01  1.5600e+00  2.6046e+01  2.1700e+00  6.0628e+00  2.2771e+00  1.1882e+00
   JAP  4.8647e+01  2.9110e+00  3.7332e+00  6.4652e+00  1.0115e+03  5.9045e+01  1.6281e+01  2.4668e+00  1.2492e+00  2.3203e+00  3.7182e+00  4.1481e+01  4.0040e+00  1.5324e+01  3.2027e+00  2.9439e+00
   EAA  5.9484e+02  3.4133e+01  5.0887e+01  6.2640e+01  3.6341e+02  4.4991e+03  1.9233e+02  3.7057e+01  1.8118e+01  2.8956e+01  5.6087e+01  5.8195e+02  6.1254e+01  1.4883e+02  4.5659e+01  4.9823e+01
   SEA  8.0018e+01  4.8489e+00  6.8027e+00  2.6245e+01  5.4795e+01  9.1622e+01  5.5560e+02  8.8363e+00  6.9570e+00  3.2740e+00  6.9491e+00  1.1049e+02  1.2172e+01  2.6003e+01  7.7399e+00  7.1545e+00
   IND  4.2995e+01  2.0025e+00  3.6067e+00  7.8729e+00  1.2271e+01  2.8607e+01  1.8733e+01  1.0436e+03  1.3341e+01  3.2722e+00  4.1986e+00  6.7970e+01  6.0363e+00  4.5166e+01  1.8718e+01  4.6596e+00
   SOA  4.2968e+00  1.6822e-01  3.8611e-01  5.4846e-01  1.5236e+00  3.6003e+00  2.0327e+00  2.2746e+00  1.1591e+02  2.5083e-01  3.3673e-01  7.4565e+00  6.4798e-01  3.2033e+00  5.3708e-01  5.2426e-01
   BRA  3.3218e+01  2.7513e+00  2.0529e+00  1.0260e+00  4.9516e+00  9.8422e+00  2.9949e+00  1.0790e+00  4.5253e-01  2.5003e+02  1.3793e+01  2.6431e+01  3.0264e+00  6.1155e+00  4.3616e+00  1.9276e+00
   LAM  1.2778e+02  1.0044e+01  8.2729e+00  2.9179e+00  1.1880e+01  2.2260e+01  5.7593e+00  1.9869e+00  9.6427e-01  1.8556e+01  5.0038e+02  6.5431e+01  6.0638e+00  8.6105e+00  4.2674e+00  4.8374e+00
   WEU  2.1677e+02  1.1069e+01  1.8468e+01  1.6156e+01  4.6121e+01  8.3360e+01  3.2095e+01  1.3330e+01  6.6754e+00  1.3782e+01  2.3400e+01  2.8450e+03  9.1288e+01  8.0722e+01  3.7271e+01  2.9629e+01
   REU  5.3672e+01  2.8323e+00  5.2660e+00  4.7728e+00  1.3801e+01  2.8878e+01  1.1968e+01  4.3576e+00  2.0453e+00  4.6513e+00  7.0778e+00  2.6440e+02  8.6722e+02  3.5317e+01  7.8490e+00  3.6021e+01
   MNA  1.3546e+02  6.9318e+00  9.7017e+00  1.3751e+01  1.0939e+02  1.2903e+02  4.1287e+01  4.0260e+01  3.1721e+01  1.3437e+01  1.2347e+01  2.7094e+02  2.9104e+01  1.3179e+03  3.1946e+01  2.2573e+01
   AFR  2.8100e+01  1.6170e+00  2.5481e+00  3.0169e+00  1.1015e+01  1.6343e+01  6.1563e+00  6.8660e+00  1.0437e+00  4.0048e+00  2.6057e+00  6.9399e+01  5.8446e+00  1.2936e+01  3.8196e+02  3.5007e+00
   RUS  1.0714e+02  5.3240e+00  7.8764e+00  6.3394e+00  3.4427e+01  8.2993e+01  2.0570e+01  1.0227e+01  5.2130e+00  9.4022e+00  1.7006e+01  3.0436e+02  8.8686e+01  6.5874e+01  9.3565e+00  1.6511e+03

     3         USA         MEX         CAN         OCN         JAP         EAA         SEA         IND         SOA         BRA         LAM         WEU         REU         MNA         AFR         RUS
   USA  5.3235e+03  8.8184e+01  1.0957e+02  2.1778e+01  8.2994e+01  1.5025e+02  4.3858e+01  1.1124e+01  6.0464e+00  1.6536e+01  6.3292e+01  2.6042e+02  2.3365e+01  4.9471e+01  2.0786e+01  1.4847e+01
   MEX  5.6181e+01  2.9857e+02  2.5463e+00  4.9250e-01  3.8298e+00  9.1966e+00  2.5558e+00  5.5419e-01  2.3121e-01  1.7982e+00  3.4538e+00  1.4124e+01  1.2720e+00  1.5728e+00  7.1667e-01  4.5868e-01
   CAN  1.5289e+02  4.4925e+00  3.3961e+02  2.0225e+00  8.0536e+00  1.6008e+01  4.2569e+00  1.3498e+00  7.6067e-01  1.6773e+00  4.9069e+00  3.2250e+01  3.3001e+00  4.9343e+00  2.0422e+00  1.6862e+00
   OCN  1.8794e+01  8.7340e-01  1.8983e+00  2.9228e+02  1.9587e+01  2.2254e+01  8.8047e+00  8.8988e+00  9.8110e-01  8.3262e-01  1.6070e+00  2.6487e+01  2.2349e+00  6.2421e+00  2.3322e+00  1.2558e+00
   JAP  4.8643e+01  2.8994e+00  3.7489e+00  6.4959e+00  1.0120e+03  6.0981e+01  1.6312e+01  2.5340e+00  1.2692e+00  2.3331e+00  3.7482e+00  4.1316e+01  4.0300e+00  1.5422e+01  3.2006e+00  3.0344e+00
   EAA  6.2445e+02  3.5643e+01  5.3652e+01  6.5767e+01  3.7135e+02  4.7592e+03  2.0113e+02  3.9793e+01  1.9292e+01  2.9993e+01  5.8926e+01  6.0718e+02  6.4446e+01  1.5549e+02  4.7762e+01  5.3568e+01
   SEA  8.4566e+01  5.0869e+00  7.1927e+00  2.7124e+01  5.6378e+01  9.9199e+01  5.8169e+02  9.4596e+00  7.2916e+00  3.4297e+00  7.3314e+00  1.1544e+02  1.2869e+01  2.7587e+01  8.1203e+00  7.7206e+00
   IND  4.4776e+01  2.0790e+00  3.7667e+00  8.0973e+00  1.2530e+01  3.0727e+01  1.9484e+01  1.0898e+03  1.3945e+01  3.3668e+00  4.3914e+00  7.0148e+01  6.3019e+00  4.6783e+01  1.9154e+01  4.9798e+00
   SOA  4.4493e+00  1.7270e-01  4.0135e-01  5.6504e-01  1.5387e+00  3.8450e+00  2.0785e+00  2.4054e+00  1.2054e+02  2.5618e-01  3.4943e-01  7.6768e+00  6.7154e-01  3.2929e+00  5.5662e-01  5.5813e-01
   BRA  3.3613e+01  2.7657e+00  2.0802e+00  1.0440e+00  4.9437e+00  1.0434e+01  3.0665e+00  1.1159e+00  4.6703e-01  2.5526e+02  1.4008e+01  2.6776e+01  3.1096e+00  6.3172e+00  4.4275e+00  2.0747e+00
   LAM  1.2942e+02  1.0186e+01  8.4610e+00  2.9736e+00  1.1867e+01  2.3479e+01  5.8810e+00  2.0596e+00  9.9618e-01  1.8838e+01  5.1002e+02  6.5919e+01  6.1733e+00  8.8063e+00  4.3232e+00  5.0686e+00
   WEU  2.1948e+02  1.1126e+01  1.8833e+01  1.6359e+01  4.5920e+01  8.7584e+01  3.2608e+01  1.3746e+01  6.8697e+00  1.3923e+01  2.3745e+01  2.8621e+03  9.1840e+01  8.2041e+01  3.7623e+01  3.0655e+01
   REU  5.4087e+01  2.8315e+00  5.3174e+00  4.7951e+00  1.3618e+01  3.0071e+01  1.2089e+01  4.4868e+00  2.0911e+00  4.6605e+00  7.1346e+00  2.6193e+02  8.7598e+02  3.5842e+01  7.8504e+00  3.6758e+01
   MNA  1.3931e+02  7.1013e+00  1.0051e+01  1.4169e+01  1.1040e+02  1.3742e+02  4.3017e+01  4.2098e+01  3.2922e+01  1.3726e+01  1.2789e+01  2.7677e+02  3.0029e+01  1.3650e+03  3.2478e+01  2.3929e+01
   AFR  2.8335e+01  1.6286e+00  2.5892e+00  3.0680e+00  1.0898e+01  1.7087e+01  6.2408e+00  7.1100e+00  1.0688e+00  4.0875e+00  2.6466e+00  6.8866e+01  5.9087e+00  1.3113e+01  3.8725e+02  3.6388e+00
   RUS  1.1402e+02  5.6534e+00  8.4252e+00  6.6956e+00  3.5917e+01  9.1469e+01  2.1998e+01  1.1174e+01  5.5308e+00  9.9675e+00  1.7958e+01  3.1748e+02  9.2664e+01  6.9735e+01  9.7807e+00  1.7289e+03

     4         USA         MEX         CAN         OCN         JAP         EAA         SEA         IND         SOA         BRA         LAM         WEU         REU         MNA         AFR         RUS
   USA  5.3767e+03  8.8522e+01  1.1027e+02  2.2291e+01  8.2636e+01  1.5691e+02  4.4390e+01  1.1434e+01  6.1601e+00  1.6504e+01  6.3803e+01  2.6065e+02  2.3601e+01  5.0049e+01  2.0939e+01  1.5346e+01
   MEX  5.7117e+01  3.0379e+02  2.5825e+00  5.0562e-01  3.8420e+00  9.7025e+00  2.6085e+00  5.8515e-01  2.3714e-01  1.8030e+00  3.4902e+00  1.4245e+01  1.2955e+00  1.6064e+00  7.2807e-01  4.7739e-01
   CAN  1.5511e+02  4.5487e+00  3.4782e+02  2.0790e+00  8.1224e+00  1.6959e+01  4.3578e+00  1.4077e+00  7.8544e-01  1.6887e+00  4.9915e+00  3.2598e+01  3.3642e+00  5.0496e+00  2.0792e+00  1.7616e+00
   OCN  1.9121e+01  8.8777e-01  1.9300e+00  3.0086e+02  1.9531e+01  2.3443e+01  8.9791e+00  9.2115e+00  1.0219e+00  8.3330e-01  1.6289e+00  2.6726e+01  2.2746e+00  6.3922e+00  2.3716e+00  1.3081e+00
   JAP  4.8710e+01  2.9013e+00  3.7656e+00  6.5752e+00  1.0150e+03  6.2966e+01  1.6341e+01  2.5955e+00  1.2786e+00  2.3227e+00  3.7512e+00  4.1216e+01  4.0549e+00  1.5573e+01  3.2090e+00  3.1158e+00
   EAA  6.5897e+02  3.7562e+01  5.6763e+01  6.9797e+01  3.8251e+02  5.0478e+03  2.1083e+02  4.2700e+01  2.0347e+01  3.0921e+01  6.1639e+01  6.3690e+02  6.7977e+01  1.6359e+02  5.0303e+01  5.7574e+01
   SEA  8.6629e+01  5.1979e+00  7.3809e+00  2.7900e+01  5.6565e+01  1.0461e+02  5.9568e+02  9.8441e+00  7.4456e+00  3.4650e+00  7.4768e+00  1.1739e+02  1.3188e+01  2.8326e+01  8.3001e+00  8.0834e+00
   IND  4.7109e+01  2.1864e+00  3.9775e+00  8.4699e+00  1.2955e+01  3.3287e+01  2.0297e+01  1.1391e+03  1.4492e+01  3.4693e+00  4.6021e+00  7.3194e+01  6.6498e+00  4.8927e+01  1.9842e+01  5.3186e+00
   SOA  4.6799e+00  1.8115e-01  4.2365e-01  5.9852e-01  1.5892e+00  4.1684e+00  2.1739e+00  2.6020e+00  1.2651e+02  2.6985e-01  3.6710e-01  8.0245e+00  7.0763e-01  3.4449e+00  5.8836e-01  5.9709e-01
   BRA  3.4359e+01  2.8198e+00  2.1221e+00  1.0759e+00  4.9469e+00  1.1064e+01  3.1432e+00  1.1642e+00  4.8197e-01  2.5938e+02  1.4298e+01  2.6818e+01  3.1462e+00  6.4045e+00  4.5298e+00  2.1569e+00
   LAM  1.3303e+02  1.0459e+01  8.7089e+00  3.1031e+00  1.2060e+01  2.5127e+01  6.0941e+00  2.1690e+00  1.0349e+00  1.9222e+01  5.2236e+02  6.7178e+01  6.3561e+00  9.0554e+00  4.4394e+00  5.3438e+00
   WEU  2.2163e+02  1.1182e+01  1.9047e+01  1.6664e+01  4.5784e+01  9.1737e+01  3.3079e+01  1.4140e+01  6.9919e+00  1.3895e+01  2.3885e+01  2.8828e+03  9.2689e+01  8.3362e+01  3.8141e+01  3.1630e+01
   REU  5.4909e+01  2.8635e+00  5.3976e+00  4.9101e+00  1.3639e+01  3.1633e+01  1.2334e+01  4.6339e+00  2.1351e+00  4.6606e+00  7.2056e+00  2.6388e+02  8.9403e+02  3.6674e+01  7.9694e+00  3.8105e+01
   MNA  1.4222e+02  7.2240e+00  1.0298e+01  1.4657e+01  1.1118e+02  1.4583e+02  4.4242e+01  4.3928e+01  3.3811e+01  1.3813e+01  1.3046e+01  2.8087e+02  3.0765e+01  1.4039e+03  3.3116e+01  2.5091e+01
   AFR  2.8271e+01  1.6248e+00  2.5929e+00  3.1182e+00  1.0736e+01  1.7723e+01  6.3119e+00  7.2871e+00  1.1038e+00  4.0463e+00  2.6419e+00  6.8087e+01  5.9398e+00  1.3257e+01  3.9373e+02  3.7381e+00
   RUS  1.1987e+02  5.9428e+00  8.8760e+00  7.1000e+00  3.7330e+01  9.9615e+01  2.3330e+01  1.2015e+01  5.7891e+00  1.0306e+01  1.8713e+01  3.3075e+02  9.6523e+01  7.3511e+01  1.0238e+01  1.8122e+03

     5         USA         MEX         CAN         OCN         JAP         EAA         SEA         IND         SOA         BRA         LAM         WEU         REU         MNA         AFR         RUS
   USA  5.4274e+03  8.8807e+01  1.1082e+02  2.2740e+01  8.2231e+01  1.6409e+02  4.4979e+01  1.1807e+01  6.3009e+00  1.6574e+01  6.4567e+01  2.6082e+02  2.3842e+01  5.0620e+01  2.1083e+01  1.5807e+01
   MEX  5.8033e+01  3.0874e+02  2.6141e+00  5.1748e-01  3.8488e+00  1.0261e+01  2.6661e+00  6.2368e-01  2.4497e-01  1.8169e+00  3.5520e+00  1.4367e+01  1.3199e+00  1.6412e+00  7.3967e-01  4.9623e-01
   CAN  1.5751e+02  4.6056e+00  3.5575e+02  2.1308e+00  8.1679e+00  1.7983e+01  4.4636e+00  1.4719e+00  8.1193e-01  1.7135e+00  5.0875e+00  3.2974e+01  3.4326e+00  5.1651e+00  2.1164e+00  1.8368e+00
   OCN  1.9545e+01  9.0763e-01  1.9753e+00  3.0923e+02  1.9641e+01  2.4848e+01  9.1833e+00  9.6870e+00  1.0601e+00  8.4794e-01  1.6673e+00  2.7108e+01  2.3295e+00  6.5676e+00  2.4227e+00  1.3679e+00
   JAP  4.8750e+01  2.9014e+00  3.7781e+00  6.6269e+00  1.0170e+03  6.5204e+01  1.6385e+01  2.6715e+00  1.2951e+00  2.3263e+00  3.7699e+00  4.1100e+01  4.0797e+00  1.5727e+01  3.2143e+00  3.1934e+00
   EAA  6.9542e+02  3.9579e+01  6.0014e+01  7.3738e+01  3.9401e+02  5.3645e+03  2.2117e+02  4.5999e+01  2.1593e+01  3.2059e+01  6.4790e+01  6.6812e+02  7.1745e+01  1.7221e+02  5.2932e+01  6.1807e+01
   SEA  8.8686e+01  5.3061e+00  7.5621e+00  2.8553e+01  5.6644e+01  1.1057e+02  6.1025e+02  1.0287e+01  7.6510e+00  3.5181e+00  7.6510e+00  1.1925e+02  1.3502e+01  2.9076e+01  8.4707e+00  8.4383e+00
   IND  4.9519e+01  2.2935e+00  4.1910e+00  8.8159e+00  1.3373e+01  3.6088e+01  2.1155e+01  1.1955e+03  1.5136e+01  3.5796e+00  4.8334e+00  7.6324e+01  7.0029e+00  5.1169e+01  2.0499e+01  5.6759e+00
   SOA  4.8856e+00  1.8848e-01  4.4292e-01  6.2418e-01  1.6243e+00  4.4898e+00  2.2573e+00  2.7809e+00  1.3229e+02  2.7969e-01  3.8305e-01  8.3211e+00  7.3802e-01  3.5830e+00  6.1461e-01  6.3311e-01
   BRA  3.4725e+01  2.8378e+00  2.1393e+00  1.0955e+00  4.9515e+00  1.1730e+01  3.2115e+00  1.2042e+00  4.9629e-01  2.6353e+02  1.4474e+01  2.7001e+01  3.2007e+00  6.5659e+00  4.6034e+00  2.2661e+00
   LAM  1.3558e+02  1.0635e+01  8.8842e+00  3.1971e+00  1.2171e+01  2.6738e+01  6.2763e+00  2.2730e+00  1.0725e+00  1.9617e+01  5.3515e+02  6.8127e+01  6.5073e+00  9.3103e+00  4.5389e+00  5.5977e+00
   WEU  2.2389e+02  1.1236e+01  1.9251e+01  1.6911e+01  4.5645e+01  9.6349e+01  3.3614e+01  1.4611e+01  7.1617e+00  1.3972e+01  2.4140e+01  2.9011e+03  9.3500e+01  8.4716e+01  3.8648e+01  3.2545e+01
   REU  5.5745e+01  2.8956e+00  5.4740e+00  5.0096e+00  1.3661e+01  3.3380e+01  1.2611e+01  4.8142e+00  2.1935e+00  4.7052e+00  7.3174e+00  2.6569e+02  9.1199e+02  3.7528e+01  8.0843e+00  3.9427e+01
   MNA  1.4508e+02  7.3414e+00  1.0536e+01  1.5094e+01  1.1189e+02  1.5538e+02  4.5562e+01  4.6043e+01  3.4943e+01  1.3980e+01  1.3358e+01  2.8453e+02  3.1479e+01  1.4425e+03  3.3700e+01  2.6221e+01
   AFR  2.8356e+01  1.6314e+00  2.6078e+00  3.1704e+00  1.0634e+01  1.8543e+01  6.4110e+00  7.5439e+00  1.1361e+00  4.0777e+00  2.6652e+00  6.7636e+01  5.9957e+00  1.3460e+01  4.0036e+02  3.8548e+00
   RUS  1.2544e+02  6.2145e+00  9.2973e+00  7.4713e+00  3.8690e+01  1.0854e+02  2.4672e+01  1.2929e+01  6.0965e+00  1.0685e+01  1.9539e+01  3.4274e+02  1.0020e+02  7.7239e+01  1.0666e+01  1.8942e+03

     6         USA         MEX         CAN         OCN         JAP         EAA         SEA         IND         SOA         BRA         LAM         WEU         REU         MNA         AFR         RUS
   USA  5.4780e+03  8.9243e+01  1.1132e+02  2.3180e+01  8.1890e+01  1.7104e+02  4.5574e+01  1.2135e+01  6.4566e+00  1.6623e+01  6.5286e+01  2.6084e+02  2.4080e+01  5.1224e+01  2.1237e+01  1.6262e+01
   MEX  5.9005e+01  3.1432e+02  2.6498e+00  5.2901e-01  3.8645e+00  1.0812e+01  2.7238e+00  6.5886e-01  2.5326e-01  1.8290e+00  3.6057e+00  1.4485e+01  1.3437e+00  1.6774e+00  7.5031e-01  5.1444e-01
   CAN  1.5991e+02  4.6608e+00  3.6357e+02  2.1822e+00  8.2125e+00  1.8991e+01  4.5695e+00  1.5322e+00  8.3985e-01  1.7359e+00  5.1793e+00  3.3324e+01  3.5005e+00  5.2817e+00  2.1543e+00  1.9112e+00
   OCN  1.9956e+01  9.2793e-01  2.0184e+00  3.1772e+02  1.9692e+01  2.6229e+01  9.3961e+00  1.0116e+01  1.0998e+00  8.6136e-01  1.7039e+00  2.7480e+01  2.3848e+00  6.7436e+00  2.4735e+00  1.4270e+00
   JAP  4.8810e+01  2.9085e+00  3.7897e+00  6.6793e+00  1.0188e+03  6.7282e+01  1.6429e+01  2.7378e+00  1.3139e+00  2.3283e+00  3.7855e+00  4.0978e+01  4.1045e+00  1.5878e+01  3.2200e+00  3.2668e+00
   EAA  7.3086e+02  4.1616e+01  6.3159e+01  7.7596e+01  4.0449e+02  5.6713e+03  2.3118e+02  4.9154e+01  2.2866e+01  3.3125e+01  6.7803e+01  6.9780e+02  7.5435e+01  1.8056e+02  5.5472e+01  6.5979e+01
   SEA  9.0897e+01  5.4338e+00  7.7537e+00  2.9254e+01  5.6810e+01  1.1652e+02  6.2527e+02  1.0711e+01  7.8866e+00  3.5739e+00  7.8319e+00  1.2128e+02  1.3843e+01  2.9864e+01  8.6547e+00  8.8028e+00
   IND  5.1818e+01  2.4020e+00  4.3941e+00  9.1516e+00  1.3751e+01  3.8836e+01  2.1992e+01  1.2482e+03  1.5808e+01  3.6869e+00  5.0559e+00  7.9244e+01  7.3495e+00  5.3334e+01  2.1142e+01  6.0253e+00
   SOA  5.0943e+00  1.9593e-01  4.6204e-01  6.4863e-01  1.6552e+00  4.8039e+00  2.3369e+00  2.9423e+00  1.3814e+02  2.8762e-01  3.9824e-01  8.6121e+00  7.6763e-01  3.7187e+00  6.4026e-01  6.6906e-01
   BRA  3.5117e+01  2.8611e+00  2.1567e+00  1.1158e+00  4.9537e+00  1.2388e+01  3.2837e+00  1.2418e+00  5.1093e-01  2.6759e+02  1.4648e+01  2.7175e+01  3.2557e+00  6.7267e+00  4.6801e+00  2.3757e+00
   LAM  1.3829e+02  1.0851e+01  9.0655e+00  3.2963e+00  1.2292e+01  2.8363e+01  6.4680e+00  2.3748e+00  1.1133e+00  2.0015e+01  5.4791e+02  6.9125e+01  6.6681e+00  9.5728e+00  4.6436e+00  5.8562e+00
   WEU  2.2621e+02  1.1315e+01  1.9451e+01  1.7158e+01  4.5507e+01  1.0081e+02  3.4145e+01  1.5028e+01  7.3458e+00  1.4037e+01  2.4378e+01  2.9189e+03  9.4323e+01  8.6054e+01  3.9167e+01  3.3426e+01
   REU  5.6600e+01  2.9342e+00  5.5503e+00  5.1104e+00  1.3683e+01  3.5089e+01  1.2891e+01  4.9772e+00  2.2563e+00  4.7455e+00  7.4239e+00  2.6748e+02  9.3021e+02  3.8377e+01  8.2009e+00  4.0719e+01
   MNA  1.4813e+02  7.4817e+00  1.0782e+01  1.5545e+01  1.1259e+02  1.6478e+02  4.6898e+01  4.8035e+01  3.6191e+01  1.4146e+01  1.3672e+01  2.8840e+02  3.2232e+01  1.4819e+03  3.4320e+01  2.7367e+01
   AFR  2.8499e+01  1.6443e+00  2.6253e+00  3.2270e+00  1.0546e+01  1.9344e+01  6.5177e+00  7.7758e+00  1.1700e+00  4.1081e+00  2.6899e+00  6.7376e+01  6.0634e+00  1.3677e+01  4.0727e+02  3.9736e+00
   RUS  1.3116e+02  6.5080e+00  9.7267e+00  7.8502e+00  4.0021e+01  1.1757e+02  2.6031e+01  1.3828e+01  6.4115e+00  1.1059e+01  2.0360e+01  3.5471e+02  1.0395e+02  8.1008e+01  1.1101e+01  1.9753e+03

     7         USA         MEX         CAN         OCN         JAP         EAA         SEA         IND         SOA         BRA         LAM         WEU         REU         MNA         AFR         RUS
   USA  5.5268e+03  8.9452e+01  1.1177e+02  2.3650e+01  8.1538e+01  1.7799e+02  4.6183e+01  1.2479e+01  6.5943e+00  1.6686e+01  6.6046e+01  2.6091e+02  2.4330e+01  5.1808e+01  2.1412e+01  1.6676e+01
   MEX  5.9908e+01  3.1900e+02  2.6769e+00  5.4163e-01  3.8658e+00  1.1368e+01  2.7804e+00  6.9960e-01  2.6110e-01  1.8414e+00  3.6689e+00  1.4599e+01  1.3688e+00  1.7122e+00  7.6339e-01  5.3257e-01
   CAN  1.6219e+02  4.7141e+00  3.7124e+02  2.2341e+00  8.2539e+00  2.0016e+01  4.6747e+00  1.5942e+00  8.6606e-01  1.7585e+00  5.2718e+00  3.3648e+01  3.5676e+00  5.3953e+00  2.1929e+00  1.9821e+00
   OCN  2.0350e+01  9.4582e-01  2.0581e+00  3.2628e+02  1.9666e+01  2.7611e+01  9.6017e+00  1.0534e+01  1.1389e+00  8.7358e-01  1.7388e+00  2.7803e+01  2.4367e+00  6.9100e+00  2.5218e+00  1.4821e+00
   JAP  4.8853e+01  2.9065e+00  3.7993e+00  6.7354e+00  1.0204e+03  6.9325e+01  1.6467e+01  2.8064e+00  1.3288e+00  2.3311e+00  3.8028e+00  4.0845e+01  4.1291e+00  1.6028e+01  3.2292e+00  3.3347e+00
   EAA  7.6648e+02  4.3549e+01  6.6320e+01  8.1575e+01  4.1466e+02  5.9824e+03  2.4121e+02  5.2461e+01  2.4085e+01  3.4207e+01  7.0897e+01  7.2747e+02  7.9214e+01  1.8905e+02  5.8105e+01  7.0196e+01
   SEA  9.3172e+01  5.5522e+00  7.9517e+00  3.0004e+01  5.7024e+01  1.2267e+02  6.4056e+02  1.1153e+01  8.1017e+00  3.6348e+00  8.0258e+00  1.2341e+02  1.4202e+01  3.0682e+01  8.8564e+00  9.1705e+00
   IND  5.4172e+01  2.5064e+00  4.6017e+00  9.4997e+00  1.4131e+01  4.1704e+01  2.2844e+01  1.3028e+03  1.6442e+01  3.7962e+00  5.2867e+00  8.2217e+01  7.7081e+00  5.5568e+01  2.1820e+01  6.3794e+00
   SOA  5.3239e+00  2.0405e-01  4.8336e-01  6.7814e-01  1.6946e+00  5.1536e+00  2.4278e+00  3.1417e+00  1.4437e+02  2.9957e-01  4.1618e-01  8.9398e+00  8.0223e-01  3.8704e+00  6.7114e-01  7.0694e-01
   BRA  3.5468e+01  2.8741e+00  2.1710e+00  1.1361e+00  4.9591e+00  1.3088e+01  3.3603e+00  1.2790e+00  5.2572e-01  2.7156e+02  1.4801e+01  2.7333e+01  3.3078e+00  6.8896e+00  4.7561e+00  2.4603e+00
   LAM  1.4086e+02  1.1022e+01  9.2358e+00  3.3956e+00  1.2398e+01  3.0011e+01  6.6577e+00  2.4782e+00  1.1516e+00  2.0409e+01  5.6082e+02  7.0060e+01  6.8257e+00  9.8361e+00  4.7506e+00  6.1036e+00
   WEU  2.2840e+02  1.1358e+01  1.9635e+01  1.7414e+01  4.5348e+01  1.0529e+02  3.4665e+01  1.5458e+01  7.5086e+00  1.4105e+01  2.4620e+01  2.9355e+03  9.5143e+01  8.7392e+01  3.9720e+01  3.4247e+01
   REU  5.7404e+01  2.9632e+00  5.6206e+00  5.2135e+00  1.3698e+01  3.6818e+01  1.3167e+01  5.1449e+00  2.3130e+00  4.7869e+00  7.5310e+00  2.6916e+02  9.4844e+02  3.9229e+01  8.3238e+00  4.1981e+01
   MNA  1.5113e+02  7.6000e+00  1.1025e+01  1.6009e+01  1.1320e+02  1.7437e+02  4.8218e+01  5.0111e+01  3.7324e+01  1.4313e+01  1.3994e+01  2.9227e+02  3.3002e+01  1.5218e+03  3.4977e+01  2.8500e+01
   AFR  2.8605e+01  1.6502e+00  2.6394e+00  3.2816e+00  1.0445e+01  2.0135e+01  6.6212e+00  8.0079e+00  1.2052e+00  4.1347e+00  2.7132e+00  6.7145e+01  6.1295e+00  1.3888e+01  4.1440e+02  4.0876e+00
   RUS  1.3649e+02  6.7632e+00  1.0126e+01  8.2231e+00  4.1271e+01  1.2684e+02  2.7303e+01  1.4739e+01  6.7533e+00  1.1401e+01  2.1142e+01  3.6559e+02  1.0759e+02  8.4688e+01  1.1526e+01  2.0551e+03

     8         USA         MEX         CAN         OCN         JAP         EAA         SEA         IND         SOA         BRA         LAM         WEU         REU         MNA         AFR         RUS
   USA  5.5732e+03  8.9813e+01  1.1203e+02  2.4088e+01  8.1212e+01  1.8541e+02  4.6807e+01  1.2863e+01  6.7356e+00  1.6748e+01  6.6784e+01  2.6068e+02  2.4561e+01  5.2410e+01  2.1585e+01  1.7093e+01
   MEX  6.0863e+01  3.2448e+02  2.7079e+00  5.5340e-01  3.8783e+00  1.1968e+01  2.8397e+00  7.4317e-01  2.6889e-01  1.8548e+00  3.7279e+00  1.4710e+01  1.3928e+00  1.7493e+00  7.7501e-01  5.5036e-01
   CAN  1.6450e+02  4.7641e+00  3.7861e+02  2.2843e+00  8.2845e+00  2.1102e+01  4.7812e+00  1.6634e+00  8.9279e-01  1.7826e+00  5.3602e+00  3.3957e+01  3.6344e+00  5.5088e+00  2.2320e+00  2.0539e+00
   OCN  2.0739e+01  9.6543e-01  2.0975e+00  3.3474e+02  1.9634e+01  2.9080e+01  9.8101e+00  1.1017e+01  1.1799e+00  8.8753e-01  1.7749e+00  2.8137e+01  2.4910e+00  7.0798e+00  2.5717e+00  1.5393e+00
   JAP  4.8889e+01  2.9131e+00  3.8067e+00  6.7833e+00  1.0212e+03  7.1487e+01  1.6504e+01  2.8846e+00  1.3433e+00  2.3353e+00  3.8203e+00  4.0705e+01  4.1534e+00  1.6176e+01  3.2373e+00  3.4010e+00
   EAA  8.0425e+02  4.5736e+01  6.9643e+01  8.5689e+01  4.2510e+02  6.3151e+03  2.5174e+02  5.6153e+01  2.5366e+01  3.5359e+01  7.4180e+01  7.5870e+02  8.3225e+01  1.9803e+02  6.0871e+01  7.4650e+01
   SEA  9.5496e+01  5.6888e+00  8.1496e+00  3.0732e+01  5.7209e+01  1.2926e+02  6.5617e+02  1.1649e+01  8.3185e+00  3.6993e+00  8.2250e+00  1.2555e+02  1.4567e+01  3.1519e+01  9.0601e+00  9.5436e+00
   IND  5.6843e+01  2.6313e+00  4.8353e+00  9.8742e+00  1.4566e+01  4.4957e+01  2.3776e+01  1.3639e+03  1.7110e+01  3.9194e+00  5.5468e+00  8.5603e+01  8.1102e+00  5.8054e+01  2.2556e+01  6.7665e+00
   SOA  5.5553e+00  2.1256e-01  5.0465e-01  7.0756e-01  1.7328e+00  5.5290e+00  2.5211e+00  3.3610e+00  1.5073e+02  3.1196e-01  4.3432e-01  9.2664e+00  8.3736e-01  4.0245e+00  7.0231e-01  7.4583e-01
   BRA  3.5735e+01  2.8840e+00  2.1787e+00  1.1538e+00  4.9645e+00  1.3837e+01  3.4381e+00  1.3183e+00  5.4138e-01  2.7542e+02  1.4918e+01  2.7506e+01  3.3651e+00  7.0638e+00  4.8273e+00  2.5735e+00
   LAM  1.4332e+02  1.1218e+01  9.3912e+00  3.4910e+00  1.2494e+01  3.1761e+01  6.8497e+00  2.5912e+00  1.1907e+00  2.0814e+01  5.7369e+02  7.0944e+01  6.9811e+00  1.0104e+01  4.8577e+00  6.3572e+00
   WEU  2.3061e+02  1.1431e+01  1.9808e+01  1.7653e+01  4.5187e+01  1.1010e+02  3.5204e+01  1.5945e+01  7.6730e+00  1.4186e+01  2.4866e+01  2.9505e+03  9.5911e+01  8.8734e+01  4.0280e+01  3.5042e+01
   REU  5.8234e+01  3.0013e+00  5.6897e+00  5.3144e+00  1.3713e+01  3.8682e+01  1.3462e+01  5.3344e+00  2.3702e+00  4.8363e+00  7.6430e+00  2.7076e+02  9.6668e+02  4.0096e+01  8.4486e+00  4.3213e+01
   MNA  1.5408e+02  7.7366e+00  1.1258e+01  1.6458e+01  1.1370e+02  1.8466e+02  4.9552e+01  5.2388e+01  3.8454e+01  1.4480e+01  1.4315e+01  2.9574e+02  3.3750e+01  1.5616e+03  3.5604e+01  2.9618e+01
   AFR  2.8746e+01  1.6634e+00  2.6543e+00  3.3370e+00  1.0356e+01  2.1003e+01  6.7317e+00  8.2864e+00  1.2411e+00  4.1725e+00  2.7401e+00  6.6987e+01  6.2004e+00  1.4110e+01  4.2158e+02  4.2035e+00
   RUS  1.4201e+02  7.0484e+00  1.0531e+01  8.5994e+00  4.2468e+01  1.3671e+02  2.8633e+01  1.5730e+01  7.0763e+00  1.1763e+01  2.1954e+01  3.7635e+02  1.1115e+02  8.8426e+01  1.1955e+01  2.1331e+03

     9         USA         MEX         CAN         OCN         JAP         EAA         SEA         IND         SOA         BRA         LAM         WEU         REU         MNA         AFR         RUS
   USA  5.6171e+03  9.0033e+01  1.1222e+02  2.4530e+01  8.0877e+01  1.9341e+02  4.7474e+01  1.3189e+01  6.8826e+00  1.6801e+01  6.7502e+01  2.6040e+02  2.4795e+01  5.2997e+01  2.1763e+01  1.7489e+01
   MEX  6.1770e+01  3.2952e+02  2.7342e+00  5.6544e-01  3.8839e+00  1.2616e+01  2.9011e+00  7.8722e-01  2.7738e-01  1.8670e+00  3.7898e+00  1.4817e+01  1.4174e+00  1.7861e+00  7.8767e-01  5.6812e-01
   CAN  1.6658e+02  4.8130e+00  3.8581e+02  2.3326e+00  8.3171e+00  2.2277e+01  4.8874e+00  1.7249e+00  9.2002e-01  1.8040e+00  5.4469e+00  3.4223e+01  3.6985e+00  5.6211e+00  2.2710e+00  2.1233e+00
   OCN  2.1113e+01  9.8408e-01  2.1353e+00  3.4312e+02  1.9564e+01  3.0654e+01  1.0008e+01  1.1432e+01  1.2184e+00  9.0053e-01  1.8101e+00  2.8434e+01  2.5437e+00  7.2411e+00  2.6190e+00  1.5951e+00
   JAP  4.8904e+01  2.9156e+00  3.8137e+00  6.8275e+00  1.0217e+03  7.3805e+01  1.6540e+01  2.9505e+00  1.3595e+00  2.3377e+00  3.8379e+00  4.0565e+01  4.1782e+00  1.6325e+01  3.2470e+00  3.4646e+00
   EAA  8.4492e+02  4.8051e+01  7.3246e+01  9.0100e+01  4.3625e+02  6.6771e+03  2.6308e+02  5.9909e+01  2.6789e+01  3.6575e+01  7.7729e+01  7.9265e+02  8.7603e+01  2.0778e+02  6.3897e+01  7.9422e+01
   SEA  9.7827e+01  5.8202e+00  8.3496e+00  3.1447e+01  5.7352e+01  1.3637e+02  6.7221e+02  1.2102e+01  8.5487e+00  3.7621e+00  8.4266e+00  1.2767e+02  1.4937e+01  3.2369e+01  9.2693e+00  9.9178e+00
   IND  5.9203e+01  2.7421e+00  5.0446e+00  1.0218e+01  1.4918e+01  4.8260e+01  2.4663e+01  1.4188e+03  1.7783e+01  4.0320e+00  5.7874e+00  8.8546e+01  8.4841e+00  6.0371e+01  2.3250e+01  7.1331e+00
   SOA  5.7799e+00  2.2066e-01  5.2538e-01  7.3551e-01  1.7666e+00  5.9259e+00  2.6130e+00  3.5588e+00  1.5717e+02  3.2272e-01  4.5187e-01  9.5800e+00  8.7129e-01  4.1767e+00  7.3263e-01  7.8430e-01
   BRA  3.6010e+01  2.8911e+00  2.1867e+00  1.1719e+00  4.9718e+00  1.4679e+01  3.5188e+00  1.3523e+00  5.5685e-01  2.7916e+02  1.5030e+01  2.7622e+01  3.4182e+00  7.2348e+00  4.9016e+00  2.6756e+00
   LAM  1.4573e+02  1.1394e+01  9.5422e+00  3.5865e+00  1.2582e+01  3.3663e+01  7.0468e+00  2.6941e+00  1.2311e+00  2.1204e+01  5.8656e+02  7.1776e+01  7.1349e+00  1.0376e+01  4.9671e+00  6.6093e+00
   WEU  2.3265e+02  1.1482e+01  1.9967e+01  1.7879e+01  4.5005e+01  1.1528e+02  3.5750e+01  1.6349e+01  7.8457e+00  1.4252e+01  2.5096e+01  2.9641e+03  9.6634e+01  9.0067e+01  4.0847e+01  3.5795e+01
   REU  5.9030e+01  3.0348e+00  5.7559e+00  5.4141e+00  1.3724e+01  4.0703e+01  1.3771e+01  5.4985e+00  2.4306e+00  4.8830e+00  7.7531e+00  2.7228e+02  9.8491e+02  4.0973e+01  8.5761e+00  4.4419e+01
   MNA  1.5697e+02  7.8632e+00  1.1492e+01  1.6907e+01  1.1414e+02  1.9590e+02  5.0929e+01  5.4406e+01  3.9646e+01  1.4629e+01  1.4636e+01  2.9902e+02  3.4491e+01  1.6015e+03  3.6229e+01  3.0721e+01
   AFR  2.8880e+01  1.6746e+00  2.6693e+00  3.3911e+00  1.0267e+01  2.1958e+01  6.8461e+00  8.5192e+00  1.2770e+00  4.2068e+00  2.7669e+00  6.6871e+01  6.2725e+00  1.4337e+01  4.2889e+02  4.3188e+00
   RUS  1.4732e+02  7.3169e+00  1.0922e+01  8.9715e+00  4.3585e+01  1.4728e+02  2.9957e+01  1.6647e+01  7.4077e+00  1.2100e+01  2.2741e+01  3.8647e+02  1.1458e+02  9.2119e+01  1.2377e+01  2.2092e+03

    10         USA         MEX         CAN         OCN         JAP         EAA         SEA         IND         SOA         BRA         LAM         WEU         REU         MNA         AFR         RUS
   USA  5.6597e+03  9.0265e+01  1.1234e+02  2.4979e+01  8.0604e+01  2.0119e+02  4.8202e+01  1.3553e+01  7.0389e+00  1.6854e+01  6.8226e+01  2.6008e+02  2.5028e+01  5.3579e+01  2.1957e+01  1.7888e+01
   MEX  6.2666e+01  3.3458e+02  2.7593e+00  5.7738e-01  3.8906e+00  1.3253e+01  2.9648e+00  8.3576e-01  2.8639e-01  1.8783e+00  3.8509e+00  1.4916e+01  1.4415e+00  1.8229e+00  8.0064e-01  5.8562e-01
   CAN  1.6864e+02  4.8603e+00  3.9283e+02  2.3806e+00  8.3424e+00  2.3440e+01  4.9957e+00  1.7913e+00  9.4777e-01  1.8256e+00  5.5321e+00  3.4474e+01  3.7623e+00  5.7303e+00  2.3110e+00  2.1928e+00
   OCN  2.1477e+01  1.0025e+00  2.1715e+00  3.5151e+02  1.9472e+01  3.2209e+01  1.0203e+01  1.1887e+01  1.2567e+00  9.1318e-01  1.8451e+00  2.8714e+01  2.5961e+00  7.3986e+00  2.6671e+00  1.6511e+00
   JAP  4.8917e+01  2.9186e+00  3.8189e+00  6.8720e+00  1.0223e+03  7.5986e+01  1.6593e+01  3.0245e+00  1.3773e+00  2.3398e+00  3.8558e+00  4.0418e+01  4.2028e+00  1.6473e+01  3.2594e+00  3.5265e+00
   EAA  8.8437e+02  5.0311e+01  7.6719e+01  9.4432e+01  4.4662e+02  7.0306e+03  2.7441e+02  6.3859e+01  2.8240e+01  3.7750e+01  8.1224e+01  8.2512e+02  9.1914e+01  2.1734e+02  6.6908e+01  8.4152e+01
   SEA  1.0019e+02  5.9546e+00  8.5479e+00  3.2163e+01  5.7518e+01  1.4343e+02  6.8900e+02  1.2605e+01  8.7977e+00  3.8251e+00  8.6312e+00  1.2979e+02  1.5311e+01  3.3236e+01  9.4904e+00  1.0295e+01
   IND  6.1787e+01  2.8629e+00  5.2714e+00  1.0583e+01  1.5313e+01  5.1733e+01  2.5625e+01  1.4791e+03  1.8516e+01  4.1496e+00  6.0478e+00  9.1772e+01  8.8899e+00  6.2873e+01  2.4006e+01  7.5254e+00
   SOA  6.0011e+00  2.2860e-01  5.4541e-01  7.6208e-01  1.7969e+00  6.3163e+00  2.7039e+00  3.7606e+00  1.6369e+02  3.3191e-01  4.6890e-01  9.8811e+00  9.0411e-01  4.3262e+00  7.6260e-01  8.2291e-01
   BRA  3.6267e+01  2.8964e+00  2.1928e+00  1.1898e+00  4.9783e+00  1.5542e+01  3.5991e+00  1.3893e+00  5.7200e-01  2.8281e+02  1.5132e+01  2.7717e+01  3.4689e+00  7.3927e+00  4.9765e+00  2.7962e+00
   LAM  1.4804e+02  1.1567e+01  9.6836e+00  3.6810e+00  1.2663e+01  3.5549e+01  7.2466e+00  2.8045e+00  1.2728e+00  2.1582e+01  5.9948e+02  7.2557e+01  7.2860e+00  1.0645e+01  5.0790e+00  6.8665e+00
   WEU  2.3468e+02  1.1536e+01  2.0117e+01  1.8105e+01  4.4831e+01  1.2035e+02  3.6331e+01  1.6803e+01  8.0317e+00  1.4318e+01  2.5331e+01  2.9770e+03  9.7349e+01  9.1411e+01  4.1461e+01  3.6532e+01
   REU  5.9821e+01  3.0688e+00  5.8189e+00  5.5142e+00  1.3737e+01  4.2698e+01  1.4100e+01  5.6804e+00  2.4946e+00  4.9293e+00  7.8643e+00  2.7374e+02  1.0033e+03  4.1858e+01  8.7125e+00  4.5593e+01
   MNA  1.5982e+02  7.9896e+00  1.1718e+01  1.7355e+01  1.1455e+02  2.0693e+02  5.2355e+01  5.6629e+01  4.0929e+01  1.4772e+01  1.4958e+01  3.0214e+02  3.5239e+01  1.6419e+03  3.6883e+01  3.1832e+01
   AFR  2.8989e+01  1.6844e+00  2.6811e+00  3.4418e+00  1.0175e+01  2.2870e+01  6.9614e+00  8.7725e+00  1.3143e+00  4.2347e+00  2.7916e+00  6.6744e+01  6.3420e+00  1.4555e+01  4.3643e+02  4.4290e+00
   RUS  1.5287e+02  7.6016e+00  1.1327e+01  9.3571e+00  4.4703e+01  1.5798e+02  3.1383e+01  1.7660e+01  7.7186e+00  1.2458e+01  2.3569e+01  3.9687e+02  1.1806e+02  9.5947e+01  1.2826e+01  2.2839e+03

    11         USA         MEX         CAN         OCN         JAP         EAA         SEA         IND         SOA         BRA         LAM         WEU         REU         MNA         AFR         RUS
   USA  5.7009e+03  9.0447e+01  1.1242e+02  2.5428e+01  8.0396e+01  2.0915e+02  4.9001e+01  1.3942e+01  7.1772e+00  1.6918e+01  6.8901e+01  2.5968e+02  2.5262e+01  5.4167e+01  2.2157e+01  1.8287e+01
   MEX  6.3551e+01  3.3954e+02  2.7826e+00  5.8938e-01  3.8964e+00  1.3910e+01  3.0322e+00  8.8974e-01  2.9453e-01  1.8906e+00  3.9100e+00  1.5012e+01  1.4659e+00  1.8601e+00  8.1394e-01  6.0309e-01
   CAN  1.7056e+02  4.9063e+00  3.9973e+02  2.4270e+00  8.3703e+00  2.4638e+01  5.1052e+00  1.8607e+00  9.7449e-01  1.8470e+00  5.6139e+00  3.4690e+01  3.8239e+00  5.8386e+00  2.3512e+00  2.2613e+00
   OCN  2.1833e+01  1.0205e+00  2.2067e+00  3.5985e+02  1.9356e+01  3.3795e+01  1.0395e+01  1.2366e+01  1.2961e+00  9.2626e-01  1.8789e+00  2.8976e+01  2.6481e+00  7.5538e+00  2.7147e+00  1.7071e+00
   JAP  4.8936e+01  2.9213e+00  3.8247e+00  6.9149e+00  1.0230e+03  7.8181e+01  1.6661e+01  3.1039e+00  1.3910e+00  2.3436e+00  3.8721e+00  4.0277e+01  4.2285e+00  1.6622e+01  3.2724e+00  3.5871e+00
   EAA  9.2457e+02  5.2611e+01  8.0270e+01  9.8832e+01  4.5695e+02  7.3931e+03  2.8618e+02  6.8068e+01  2.9621e+01  3.8967e+01  8.4749e+01  8.5801e+02  9.6357e+01  2.2713e+02  6.9984e+01  8.9003e+01
   SEA  1.0260e+02  6.0892e+00  8.7475e+00  3.2863e+01  5.7681e+01  1.5070e+02  7.0651e+02  1.3145e+01  9.0126e+00  3.8908e+00  8.8314e+00  1.3189e+02  1.5689e+01  3.4115e+01  9.7139e+00  1.0672e+01
   IND  6.4487e+01  2.9875e+00  5.5082e+00  1.0956e+01  1.5721e+01  5.5400e+01  2.6639e+01  1.5430e+03  1.9198e+01  4.2706e+00  6.3130e+00  9.5119e+01  9.3128e+00  6.5479e+01  2.4780e+01  7.9333e+00
   SOA  6.2436e+00  2.3756e-01  5.6782e-01  7.9380e-01  1.8368e+00  6.7549e+00  2.8116e+00  4.0152e+00  1.7059e+02  3.4604e-01  4.8852e-01  1.0220e+01  9.4271e-01  4.4942e+00  7.9781e-01  8.6535e-01
   BRA  3.6460e+01  2.8947e+00  2.1951e+00  1.2062e+00  4.9874e+00  1.6470e+01  3.6792e+00  1.4262e+00  5.8840e-01  2.8641e+02  1.5190e+01  2.7790e+01  3.5199e+00  7.5596e+00  5.0471e+00  2.9431e+00
   LAM  1.5046e+02  1.1747e+01  9.8299e+00  3.7791e+00  1.2752e+01  3.7532e+01  7.4587e+00  2.9234e+00  1.3131e+00  2.2000e+01  6.1227e+02  7.3344e+01  7.4418e+00  1.0918e+01  5.1957e+00  7.1311e+00
   WEU  2.3664e+02  1.1583e+01  2.0260e+01  1.8323e+01  4.4661e+01  1.2555e+02  3.6943e+01  1.7282e+01  8.1924e+00  1.4391e+01  2.5542e+01  2.9889e+03  9.8036e+01  9.2754e+01  4.2086e+01  3.7247e+01
   REU  6.0606e+01  3.1019e+00  5.8812e+00  5.6135e+00  1.3753e+01  4.4762e+01  1.4455e+01  5.8739e+00  2.5514e+00  4.9796e+00  7.9697e+00  2.7514e+02  1.0218e+03  4.2753e+01  8.8504e+00  4.6739e+01
   MNA  1.6263e+02  8.1130e+00  1.1945e+01  1.7803e+01  1.1493e+02  2.1832e+02  5.3847e+01  5.8990e+01  4.2064e+01  1.4918e+01  1.5270e+01  3.0508e+02  3.5985e+01  1.6825e+03  3.7532e+01  3.2940e+01
   AFR  2.9120e+01  1.6955e+00  2.6949e+00  3.4944e+00  1.0096e+01  2.3826e+01  7.0854e+00  9.0510e+00  1.3533e+00  4.2698e+00  2.8166e+00  6.6685e+01  6.4162e+00  1.4783e+01  4.4413e+02  4.5409e+00
   RUS  1.5852e+02  7.8908e+00  1.1738e+01  9.7488e+00  4.5799e+01  1.6908e+02  3.2891e+01  1.8735e+01  8.0007e+00  1.2832e+01  2.4391e+01  4.0723e+02  1.2153e+02  9.9852e+01  1.3281e+01  2.3568e+03

    12         USA         MEX         CAN         OCN         JAP         EAA         SEA         IND         SOA         BRA         LAM         WEU         REU         MNA         AFR         RUS
   USA  5.7416e+03  9.0718e+01  1.1243e+02  2.5879e+01  8.0267e+01  2.1687e+02  4.9818e+01  1.4310e+01  7.3230e+00  1.6969e+01  6.9598e+01  2.5921e+02  2.5497e+01  5.4769e+01  2.2365e+01  1.8670e+01
   MEX  6.4459e+01  3.4485e+02  2.8075e+00  6.0120e-01  3.9088e+00  1.4556e+01  3.0994e+00  9.4263e-01  3.0289e-01  1.9015e+00  3.9676e+00  1.5102e+01  1.4898e+00  1.8977e+00  8.2669e-01  6.1986e-01
   CAN  1.7256e+02  4.9497e+00  4.0646e+02  2.4740e+00  8.3929e+00  2.5814e+01  5.2154e+00  1.9282e+00  1.0016e+00  1.8678e+00  5.6943e+00  3.4902e+01  3.8864e+00  5.9467e+00  2.3923e+00  2.3288e+00
   OCN  2.2175e+01  1.0384e+00  2.2396e+00  3.6828e+02  1.9206e+01  3.5346e+01  1.0591e+01  1.2812e+01  1.3358e+00  9.3811e-01  1.9118e+00  2.9224e+01  2.6996e+00  7.7073e+00  2.7614e+00  1.7613e+00
   JAP  4.8985e+01  2.9290e+00  3.8308e+00  6.9620e+00  1.0241e+03  8.0259e+01  1.6735e+01  3.1799e+00  1.4064e+00  2.3468e+00  3.8908e+00  4.0145e+01  4.2557e+00  1.6773e+01  3.2875e+00  3.6451e+00
   EAA  9.6345e+02  5.4898e+01  8.3669e+01  1.0314e+02  4.6654e+02  7.7440e+03  2.9760e+02  7.2192e+01  3.1002e+01  4.0112e+01  8.8208e+01  8.8913e+02  1.0071e+02  2.3662e+02  7.2982e+01  9.3730e+01
   SEA  1.0513e+02  6.2390e+00  8.9553e+00  3.3613e+01  5.7943e+01  1.5799e+02  7.2449e+02  1.3682e+01  9.2495e+00  3.9591e+00  9.0466e+00  1.3413e+02  1.6092e+01  3.5031e+01  9.9528e+00  1.1059e+01
   IND  6.7122e+01  3.1137e+00  5.7365e+00  1.1323e+01  1.6107e+01  5.9019e+01  2.7640e+01  1.6055e+03  1.9897e+01  4.3870e+00  6.5778e+00  9.8314e+01  9.7316e+00  6.8037e+01  2.5549e+01  8.3348e+00
   SOA  6.4902e+00  2.4674e-01  5.9015e-01  8.2520e-01  1.8752e+00  7.1906e+00  2.9178e+00  4.2650e+00  1.7758e+02  3.5912e-01  5.0818e-01  1.0557e+01  9.8129e-01  4.6620e+00  8.3336e-01  9.0764e-01
   BRA  3.6688e+01  2.8970e+00  2.1983e+00  1.2239e+00  4.9956e+00  1.7392e+01  3.7636e+00  1.4628e+00  6.0469e-01  2.8995e+02  1.5265e+01  2.7863e+01  3.5693e+00  7.7237e+00  5.1223e+00  3.0797e+00
   LAM  1.5275e+02  1.1932e+01  9.9633e+00  3.8748e+00  1.2834e+01  3.9467e+01  7.6671e+00  3.0381e+00  1.3541e+00  2.2381e+01  6.2516e+02  7.4079e+01  7.5947e+00  1.1194e+01  5.3117e+00  7.3915e+00
   WEU  2.3866e+02  1.1646e+01  2.0398e+01  1.8545e+01  4.4511e+01  1.3058e+02  3.7554e+01  1.7737e+01  8.3617e+00  1.4458e+01  2.5765e+01  3.0002e+03  9.8733e+01  9.4086e+01  4.2730e+01  3.7923e+01
   REU  6.1392e+01  3.1385e+00  5.9407e+00  5.7140e+00  1.3773e+01  4.6783e+01  1.4814e+01  6.0599e+00  2.6106e+00  5.0260e+00  8.0781e+00  2.7648e+02  1.0405e+03  4.3640e+01  8.9902e+00  4.7850e+01
   MNA  1.6560e+02  8.2522e+00  1.2174e+01  1.8266e+01  1.1535e+02  2.2953e+02  5.5355e+01  6.1335e+01  4.3277e+01  1.5066e+01  1.5599e+01  3.0818e+02  3.6764e+01  1.7236e+03  3.8219e+01  3.4052e+01
   AFR  2.9286e+01  1.7105e+00  2.7099e+00  3.5505e+00  1.0032e+01  2.4767e+01  7.2157e+00  9.3225e+00  1.3929e+00  4.3047e+00  2.8452e+00  6.6729e+01  6.4973e+00  1.5023e+01  4.5211e+02  4.6542e+00
   RUS  1.6418e+02  8.1910e+00  1.2143e+01  1.0142e+01  4.6870e+01  1.8015e+02  3.4373e+01  1.9808e+01  8.2950e+00  1.3194e+01  2.5226e+01  4.1725e+02  1.2503e+02  1.0374e+02  1.3739e+01  2.4281e+03

    13         USA         MEX         CAN         OCN         JAP         EAA         SEA         IND         SOA         BRA         LAM         WEU         REU         MNA         AFR         RUS
   USA  5.7800e+03  9.0755e+01  1.1233e+02  2.6359e+01  8.0162e+01  2.2568e+02  5.0639e+01  1.4698e+01  7.4713e+00  1.7021e+01  7.0201e+01  2.5861e+02  2.5733e+01  5.5364e+01  2.2572e+01  1.9026e+01
   MEX  6.5297e+01  3.4943e+02  2.8248e+00  6.1412e-01  3.9115e+00  1.5276e+01  3.1644e+00  1.0049e+00  3.1196e-01  1.9122e+00  4.0240e+00  1.5187e+01  1.5142e+00  1.9349e+00  8.4057e-01  6.3655e-01
   CAN  1.7433e+02  4.9879e+00  4.1299e+02  2.5215e+00  8.4109e+00  2.7136e+01  5.3218e+00  1.9975e+00  1.0283e+00  1.8877e+00  5.7687e+00  3.5073e+01  3.9461e+00  6.0515e+00  2.4323e+00  2.3936e+00
   OCN  2.2460e+01  1.0525e+00  2.2642e+00  3.7654e+02  1.8951e+01  3.7003e+01  1.0752e+01  1.3217e+01  1.3714e+00  9.4640e-01  1.9377e+00  2.9370e+01  2.7427e+00  7.8331e+00  2.7968e+00  1.8094e+00
   JAP  4.9017e+01  2.9307e+00  3.8375e+00  7.0136e+00  1.0250e+03  8.2628e+01  1.6782e+01  3.2601e+00  1.4225e+00  2.3498e+00  3.9069e+00  4.0013e+01  4.2842e+00  1.6926e+01  3.3039e+00  3.7009e+00
   EAA  1.0074e+03  5.7395e+01  8.7549e+01  1.0809e+02  4.7764e+02  8.1438e+03  3.0995e+02  7.6896e+01  3.2574e+01  4.1416e+01  9.2039e+01  9.2485e+02  1.0567e+02  2.4740e+02  7.6415e+01  9.8975e+01
   SEA  1.0769e+02  6.3814e+00  9.1704e+00  3.4405e+01  5.8186e+01  1.6616e+02  7.4222e+02  1.4233e+01  9.4986e+00  4.0314e+00  9.2623e+00  1.3640e+02  1.6509e+01  3.5971e+01  1.0199e+01  1.1453e+01
   IND  6.9795e+01  3.2355e+00  5.9702e+00  1.1707e+01  1.6486e+01  6.3020e+01  2.8626e+01  1.6712e+03  2.0619e+01  4.5017e+00  6.8390e+00  1.0154e+02  1.0161e+01  7.0684e+01  2.6325e+01  8.7440e+00
   SOA  6.7235e+00  2.5513e-01  6.1146e-01  8.5583e-01  1.9092e+00  7.6626e+00  3.0190e+00  4.5176e+00  1.8461e+02  3.7081e-01  5.2657e-01  1.0871e+01  1.0182e+00  4.8267e+00  8.6758e-01  9.4876e-01
   BRA  3.6873e+01  2.8896e+00  2.1985e+00  1.2423e+00  5.0034e+00  1.8475e+01  3.8532e+00  1.4986e+00  6.1975e-01  2.9336e+02  1.5292e+01  2.7887e+01  3.6104e+00  7.8701e+00  5.1923e+00  3.1933e+00
   LAM  1.5521e+02  1.2103e+01  1.0104e+01  3.9820e+00  1.2920e+01  4.1699e+01  7.8846e+00  3.1612e+00  1.3968e+00  2.2799e+01  6.3771e+02  7.4832e+01  7.7531e+00  1.1473e+01  5.4340e+00  7.6489e+00
   WEU  2.4050e+02  1.1678e+01  2.0522e+01  1.8778e+01  4.4343e+01  1.3628e+02  3.8133e+01  1.8209e+01  8.5369e+00  1.4521e+01  2.5946e+01  3.0093e+03  9.9371e+01  9.5424e+01  4.3365e+01  3.8545e+01
   REU  6.2121e+01  3.1671e+00  5.9951e+00  5.8188e+00  1.3786e+01  4.9056e+01  1.5169e+01  6.2529e+00  2.6713e+00  5.0709e+00  8.1717e+00  2.7763e+02  1.0590e+03  4.4543e+01  9.1276e+00  4.8930e+01
   MNA  1.6833e+02  8.3671e+00  1.2395e+01  1.8732e+01  1.1562e+02  2.4207e+02  5.6770e+01  6.3734e+01  4.4505e+01  1.5189e+01  1.5899e+01  3.1075e+02  3.7504e+01  1.7644e+03  3.8848e+01  3.5116e+01
   AFR  2.9348e+01  1.7159e+00  2.7160e+00  3.5966e+00  9.9355e+00  2.5781e+01  7.3257e+00  9.5916e+00  1.4284e+00  4.3257e+00  2.8614e+00  6.6540e+01  6.5574e+00  1.5225e+01  4.5945e+02  4.7522e+00
   RUS  1.6940e+02  8.4532e+00  1.2517e+01  1.0534e+01  4.7816e+01  1.9217e+02  3.5729e+01  2.0892e+01  8.6028e+00  1.3520e+01  2.5966e+01  4.2600e+02  1.2828e+02  1.0753e+02  1.4174e+01  2.4971e+03

    14         USA         MEX         CAN         OCN         JAP         EAA         SEA         IND         SOA         BRA         LAM         WEU         REU         MNA         AFR         RUS
   USA  5.8173e+03  9.0914e+01  1.1217e+02  2.6821e+01  8.0150e+01  2.3434e+02  5.1521e+01  1.5087e+01  7.6221e+00  1.7065e+01  7.0773e+01  2.5795e+02  2.5978e+01  5.5999e+01  2.2839e+01  1.9349e+01
   MEX  6.6201e+01  3.5459e+02  2.8458e+00  6.2666e-01  3.9235e+00  1.5996e+01  3.2327e+00  1.0687e+00  3.2099e-01  1.9230e+00  4.0762e+00  1.5273e+01  1.5384e+00  1.9742e+00  8.5594e-01  6.5252e-01
   CAN  1.7620e+02  5.0246e+00  4.1930e+02  2.5680e+00  8.4257e+00  2.8433e+01  5.4309e+00  2.0687e+00  1.0551e+00  1.9076e+00  5.8395e+00  3.5245e+01  4.0073e+00  6.1585e+00  2.4787e+00  2.4558e+00
   OCN  2.2758e+01  1.0682e+00  2.2898e+00  3.8476e+02  1.8724e+01  3.8650e+01  1.0930e+01  1.3639e+01  1.4087e+00  9.5543e-01  1.9642e+00  2.9541e+01  2.7890e+00  7.9699e+00  2.8426e+00  1.8563e+00
   JAP  4.9079e+01  2.9393e+00  3.8447e+00  7.0631e+00  1.0259e+03  8.4899e+01  1.6845e+01  3.3412e+00  1.4387e+00  2.3528e+00  3.9220e+00  3.9892e+01  4.3136e+00  1.7082e+01  3.3266e+00  3.7525e+00
   EAA  1.0503e+03  5.9935e+01  9.1303e+01  1.1288e+02  4.8798e+02  8.5330e+03  3.2213e+02  8.1612e+01  3.4105e+01  4.2663e+01  9.5725e+01  9.5895e+02  1.1054e+02  2.5796e+02  7.9876e+01  1.0409e+02
   SEA  1.1036e+02  6.5412e+00  9.3904e+00  3.5199e+01  5.8485e+01  1.7433e+02  7.6042e+02  1.4808e+01  9.7505e+00  4.1055e+00  9.4803e+00  1.3876e+02  1.6940e+01  3.6946e+01  1.0474e+01  1.1843e+01
   IND  7.2587e+01  3.3692e+00  6.2121e+00  1.2096e+01  1.6881e+01  6.7118e+01  2.9652e+01  1.7377e+03  2.1344e+01  4.6219e+00  7.1091e+00  1.0488e+02  1.0611e+01  7.3438e+01  2.7190e+01  9.1609e+00
   SOA  6.9730e+00  2.6430e-01  6.3393e-01  8.8751e-01  1.9451e+00  8.1457e+00  3.1250e+00  4.7833e+00  1.9178e+02  3.8315e-01  5.4564e-01  1.1202e+01  1.0570e+00  4.9980e+00  9.0516e-01  9.8975e-01
   BRA  3.7075e+01  2.8865e+00  2.1991e+00  1.2609e+00  5.0169e+00  1.9561e+01  3.9488e+00  1.5361e+00  6.3606e-01  2.9670e+02  1.5322e+01  2.7948e+01  3.6584e+00  8.0360e+00  5.2801e+00  3.2670e+00
   LAM  1.5774e+02  1.2303e+01  1.0244e+01  4.0898e+00  1.3016e+01  4.3935e+01  8.1115e+00  3.2896e+00  1.4406e+00  2.3225e+01  6.5012e+02  7.5616e+01  7.9187e+00  1.1763e+01  5.5728e+00  7.8948e+00
   WEU  2.4232e+02  1.1730e+01  2.0636e+01  1.8998e+01  4.4192e+01  1.4183e+02  3.8725e+01  1.8681e+01  8.7098e+00  1.4579e+01  2.6113e+01  3.0171e+03  9.9992e+01  9.6755e+01  4.4113e+01  3.9100e+01
   REU  6.2875e+01  3.2024e+00  6.0496e+00  5.9231e+00  1.3809e+01  5.1335e+01  1.5552e+01  6.4499e+00  2.7327e+00  5.1175e+00  8.2650e+00  2.7883e+02  1.0775e+03  4.5462e+01  9.2888e+00  4.9992e+01
   MNA  1.7115e+02  8.4995e+00  1.2615e+01  1.9194e+01  1.1588e+02  2.5443e+02  5.8219e+01  6.6166e+01  4.5725e+01  1.5312e+01  1.6199e+01  3.1340e+02  3.8261e+01  1.8054e+03  3.9592e+01  3.6147e+01
   AFR  2.9574e+01  1.7353e+00  2.7371e+00  3.6654e+00  9.9026e+00  2.6891e+01  7.4755e+00  9.8986e+00  1.4709e+00  4.3668e+00  2.8924e+00  6.6832e+01  6.6577e+00  1.5509e+01  4.6895e+02  4.8756e+00
   RUS  1.7411e+02  8.7026e+00  1.2845e+01  1.0892e+01  4.8638e+01  2.0392e+02  3.6942e+01  2.1932e+01  8.9498e+00  1.3791e+01  2.6617e+01  4.3318e+02  1.3127e+02  1.1105e+02  1.4603e+01  2.5645e+03

    15         USA         MEX         CAN         OCN         JAP         EAA         SEA         IND         SOA         BRA         LAM         WEU         REU         MNA         AFR         RUS
   USA  5.8531e+03  9.1044e+01  1.1200e+02  2.7337e+01  8.0176e+01  2.4307e+02  5.2500e+01  1.5487e+01  7.7618e+00  1.7130e+01  7.1416e+01  2.5749e+02  2.6251e+01  5.6621e+01  2.3070e+01  1.9670e+01
   MEX  6.7043e+01  3.5945e+02  2.8639e+00  6.3988e-01  3.9322e+00  1.6730e+01  3.3023e+00  1.1367e+00  3.2958e-01  1.9334e+00  4.1329e+00  1.5352e+01  1.5624e+00  2.0127e+00  8.6974e-01  6.6822e-01
   CAN  1.7797e+02  5.0645e+00  4.2549e+02  2.6165e+00  8.4351e+00  2.9760e+01  5.5414e+00  2.1405e+00  1.0809e+00  1.9288e+00  5.9133e+00  3.5405e+01  4.0684e+00  6.2627e+00  2.5209e+00  2.5177e+00
   OCN  2.3017e+01  1.0823e+00  2.3104e+00  3.9295e+02  1.8448e+01  4.0308e+01  1.1089e+01  1.4005e+01  1.4457e+00  9.6236e-01  1.9882e+00  2.9637e+01  2.8292e+00  8.0879e+00  2.8751e+00  1.8996e+00
   JAP  4.9111e+01  2.9447e+00  3.8496e+00  7.1184e+00  1.0269e+03  8.7194e+01  1.6915e+01  3.4229e+00  1.4529e+00  2.3562e+00  3.9405e+00  3.9766e+01  4.3435e+00  1.7238e+01  3.3456e+00  3.8032e+00
   EAA  1.0929e+03  6.2443e+01  9.5029e+01  1.1784e+02  4.9817e+02  8.9308e+03  3.3457e+02  8.6489e+01  3.5608e+01  4.3926e+01  9.9554e+01  9.9304e+02  1.1552e+02  2.6868e+02  8.3308e+01  1.0929e+02
   SEA  1.1302e+02  6.6972e+00  9.6084e+00  3.6023e+01  5.8786e+01  1.8279e+02  7.7934e+02  1.5403e+01  9.9898e+00  4.1816e+00  9.7094e+00  1.4110e+02  1.7380e+01  3.7937e+01  1.0739e+01  1.2239e+01
   IND  7.5379e+01  3.5022e+00  6.4547e+00  1.2500e+01  1.7278e+01  7.1403e+01  3.0719e+01  1.8054e+03  2.2051e+01  4.7457e+00  7.3927e+00  1.0823e+02  1.1075e+01  7.6262e+01  2.8024e+01  9.5871e+00
   SOA  7.2259e+00  2.7389e-01  6.5683e-01  9.2262e-01  1.9851e+00  8.6652e+00  3.2404e+00  5.0811e+00  1.9922e+02  3.9815e-01  5.6661e-01  1.1544e+01  1.0988e+00  5.1802e+00  9.4475e-01  1.0335e+00
   BRA  3.7244e+01  2.8794e+00  2.1986e+00  1.2802e+00  5.0313e+00  2.0726e+01  4.0453e+00  1.5726e+00  6.5270e-01  2.9997e+02  1.5342e+01  2.7950e+01  3.6999e+00  8.1941e+00  5.3541e+00  3.3493e+00
   LAM  1.5993e+02  1.2468e+01  1.0363e+01  4.1942e+00  1.3086e+01  4.6188e+01  8.3298e+00  3.4135e+00  1.4818e+00  2.3616e+01  6.6267e+02  7.6247e+01  8.0703e+00  1.2047e+01  5.6962e+00  8.1387e+00
   WEU  2.4400e+02  1.1767e+01  2.0735e+01  1.9229e+01  4.4029e+01  1.4748e+02  3.9333e+01  1.9152e+01  8.8705e+00  1.4640e+01  2.6296e+01  3.0240e+03  1.0059e+02  9.8084e+01  4.4778e+01  3.9639e+01
   REU  6.3592e+01  3.2345e+00  6.0992e+00  6.0328e+00  1.3832e+01  5.3688e+01  1.5957e+01  6.6483e+00  2.7909e+00  5.1669e+00  8.3661e+00  2.7999e+02  1.0962e+03  4.6392e+01  9.4352e+00  5.1032e+01
   MNA  1.7388e+02  8.6244e+00  1.2830e+01  1.9674e+01  1.1609e+02  2.6717e+02  5.9714e+01  6.8631e+01  4.6887e+01  1.5435e+01  1.6512e+01  3.1590e+02  3.9021e+01  1.8468e+03  4.0251e+01  3.7184e+01
   AFR  2.9688e+01  1.7464e+00  2.7470e+00  3.7194e+00  9.8363e+00  2.7958e+01  7.6045e+00  1.0191e+01  1.5093e+00  4.3971e+00  2.9158e+00  6.6791e+01  6.7295e+00  1.5740e+01  4.7686e+02  4.9783e+00
   RUS  1.7883e+02  8.9511e+00  1.3173e+01  1.1269e+01  4.9451e+01  2.1613e+02  3.8204e+01  2.3004e+01  9.2767e+00  1.4077e+01  2.7314e+01  4.4037e+02  1.3427e+02  1.1464e+02  1.5017e+01  2.6305e+03

    16         USA         MEX         CAN         OCN         JAP         EAA         SEA         IND         SOA         BRA         LAM         WEU         REU         MNA         AFR         RUS
   USA  5.8885e+03  9.1046e+01  1.1177e+02  2.7839e+01  8.0229e+01  2.5253e+02  5.3537e+01  1.5871e+01  7.9244e+00  1.7174e+01  7.1936e+01  2.5682e+02  2.6517e+01  5.7269e+01  2.3307e+01  1.9990e+01
   MEX  6.7883e+01  3.6404e+02  2.8788e+00  6.5319e-01  3.9373e+00  1.7504e+01  3.3741e+00  1.2094e+00  3.3966e-01  1.9428e+00  4.1836e+00  1.5426e+01  1.5867e+00  2.0517e+00  8.8414e-01  6.8400e-01
   CAN  1.7956e+02  5.0980e+00  4.3151e+02  2.6626e+00  8.4454e+00  3.1185e+01  5.6512e+00  2.2109e+00  1.1085e+00  1.9463e+00  5.9789e+00  3.5516e+01  4.1258e+00  6.3652e+00  2.5630e+00  2.5779e+00
   OCN  2.3257e+01  1.0947e+00  2.3283e+00  4.0097e+02  1.8151e+01  4.2038e+01  1.1233e+01  1.4339e+01  1.4782e+00  9.6812e-01  2.0088e+00  2.9700e+01  2.8678e+00  8.1924e+00  2.9041e+00  1.9414e+00
   JAP  4.9157e+01  2.9487e+00  3.8564e+00  7.1696e+00  1.0275e+03  8.9555e+01  1.6982e+01  3.5014e+00  1.4708e+00  2.3579e+00  3.9542e+00  3.9637e+01  4.3736e+00  1.7395e+01  3.3650e+00  3.8524e+00
   EAA  1.1389e+03  6.5107e+01  9.9074e+01  1.2309e+02  5.0890e+02  9.3519e+03  3.4781e+02  9.1651e+01  3.7332e+01  4.5256e+01  1.0352e+02  1.0295e+03  1.2088e+02  2.8018e+02  8.6993e+01  1.1480e+02
   SEA  1.1576e+02  6.8533e+00  9.8338e+00  3.6834e+01  5.9064e+01  1.9169e+02  7.9868e+02  1.5997e+01  1.0265e+01  4.2568e+00  9.9301e+00  1.4344e+02  1.7826e+01  3.8949e+01  1.1010e+01  1.2640e+01
   IND  7.8181e+01  3.6344e+00  6.7004e+00  1.2901e+01  1.7657e+01  7.5888e+01  3.1799e+01  1.8720e+03  2.2840e+01  4.8690e+00  7.6678e+00  1.1154e+02  1.1548e+01  7.9133e+01  2.8870e+01  1.0016e+01
   SOA  7.4636e+00  2.8231e-01  6.7813e-01  9.5255e-01  2.0144e+00  9.1775e+00  3.3455e+00  5.3331e+00  2.0657e+02  4.0791e-01  5.8434e-01  1.1848e+01  1.1355e+00  5.3475e+00  9.7959e-01  1.0739e+00
   BRA  3.7429e+01  2.8695e+00  2.1979e+00  1.2999e+00  5.0402e+00  2.2009e+01  4.1433e+00  1.6084e+00  6.6760e-01  3.0310e+02  1.5339e+01  2.7899e+01  3.7370e+00  8.3291e+00  5.4299e+00  3.4200e+00
   LAM  1.6243e+02  1.2646e+01  1.0496e+01  4.3074e+00  1.3168e+01  4.8652e+01  8.5661e+00  3.5425e+00  1.5280e+00  2.4034e+01  6.7481e+02  7.6937e+01  8.2332e+00  1.2338e+01  5.8294e+00  8.3892e+00
   WEU  2.4568e+02  1.1795e+01  2.0835e+01  1.9450e+01  4.3859e+01  1.5347e+02  3.9952e+01  1.9598e+01  9.0561e+00  1.4687e+01  2.6434e+01  3.0293e+03  1.0114e+02  9.9413e+01  4.5449e+01  4.0146e+01
   REU  6.4330e+01  3.2655e+00  6.1514e+00  6.1432e+00  1.3855e+01  5.6215e+01  1.6394e+01  6.8411e+00  2.8572e+00  5.2140e+00  8.4547e+00  2.8114e+02  1.1149e+03  4.7344e+01  9.5851e+00  5.2055e+01
   MNA  1.7659e+02  8.7420e+00  1.3046e+01  2.0145e+01  1.1620e+02  2.8048e+02  6.1214e+01  7.0994e+01  4.8202e+01  1.5535e+01  1.6800e+01  3.1811e+02  3.9768e+01  1.8882e+03  4.0887e+01  3.8202e+01
   AFR  2.9801e+01  1.7561e+00  2.7566e+00  3.7709e+00  9.7659e+00  2.9085e+01  7.7336e+00  1.0472e+01  1.5451e+00  4.4215e+00  2.9340e+00  6.6722e+01  6.7990e+00  1.5965e+01  4.8480e+02  5.0786e+00
   RUS  1.8347e+02  9.1884e+00  1.3495e+01  1.1640e+01  5.0179e+01  2.2881e+02  3.9449e+01  2.4044e+01  9.6179e+00  1.4342e+01  2.7941e+01  4.4698e+02  1.3715e+02  1.1821e+02  1.5425e+01  2.6950e+03

    17         USA         MEX         CAN         OCN         JAP         EAA         SEA         IND         SOA         BRA         LAM         WEU         REU         MNA         AFR         RUS
   USA  5.9370e+03  9.1152e+01  1.1158e+02  2.8388e+01  8.0295e+01  2.6318e+02  5.4772e+01  1.6287e+01  8.1017e+00  1.7248e+01  7.2610e+01  2.5629e+02  2.6863e+01  5.8043e+01  2.3546e+01  2.0313e+01
   MEX  6.8793e+01  3.6871e+02  2.8899e+00  6.6646e-01  3.9391e+00  1.8346e+01  3.4516e+00  1.2862e+00  3.4985e-01  1.9524e+00  4.2382e+00  1.5476e+01  1.6125e+00  2.0920e+00  8.9673e-01  6.9811e-01
   CAN  1.8137e+02  5.1262e+00  4.3712e+02  2.7081e+00  8.4304e+00  3.2685e+01  5.7643e+00  2.2814e+00  1.1360e+00  1.9652e+00  6.0435e+00  3.5582e+01  4.1889e+00  6.4684e+00  2.6020e+00  2.6332e+00
   OCN  2.3552e+01  1.1088e+00  2.3480e+00  4.0921e+02  1.7855e+01  4.3919e+01  1.1390e+01  1.4709e+01  1.5128e+00  9.7629e-01  2.0351e+00  2.9779e+01  2.9163e+00  8.3166e+00  2.9347e+00  1.9841e+00
   JAP  4.9184e+01  2.9489e+00  3.8521e+00  7.2098e+00  1.0260e+03  9.2053e+01  1.7045e+01  3.5783e+00  1.4873e+00  2.3584e+00  3.9689e+00  3.9427e+01  4.4063e+00  1.7542e+01  3.3781e+00  3.8901e+00
   EAA  1.1888e+03  6.7931e+01  1.0321e+02  1.2858e+02  5.1934e+02  9.8091e+03  3.6208e+02  9.7141e+01  3.9151e+01  4.6665e+01  1.0788e+02  1.0674e+03  1.2682e+02  2.9250e+02  9.0832e+01  1.2045e+02
   SEA  1.1873e+02  7.0153e+00  1.0055e+01  3.7648e+01  5.9262e+01  2.0142e+02  8.1924e+02  1.6624e+01  1.0544e+01  4.3359e+00  1.0172e+01  1.4573e+02  1.8315e+01  4.0011e+01  1.1281e+01  1.3025e+01
   IND  8.1115e+01  3.7695e+00  6.9424e+00  1.3309e+01  1.8008e+01  8.0760e+01  3.2941e+01  1.9401e+03  2.3642e+01  4.9965e+00  7.9638e+00  1.1480e+02  1.2054e+01  8.2113e+01  2.9697e+01  1.0433e+01
   SOA  7.7104e+00  2.9082e-01  6.9865e-01  9.8310e-01  2.0405e+00  9.7376e+00  3.4582e+00  5.5964e+00  2.1421e+02  4.1839e-01  6.0321e-01  1.2142e+01  1.1750e+00  5.5209e+00  1.0144e+00  1.1130e+00
   BRA  3.7625e+01  2.8534e+00  2.1929e+00  1.3189e+00  5.0440e+00  2.3366e+01  4.2430e+00  1.6432e+00  6.8373e-01  3.0612e+02  1.5326e+01  2.7819e+01  3.7825e+00  8.4856e+00  5.4953e+00  3.5346e+00
   LAM  1.6479e+02  1.2794e+01  1.0595e+01  4.4106e+00  1.3204e+01  5.1236e+01  8.7982e+00  3.6664e+00  1.5733e+00  2.4402e+01  6.8734e+02  7.7380e+01  8.3913e+00  1.2635e+01  5.9473e+00  8.6223e+00
   WEU  2.4783e+02  1.1824e+01  2.0921e+01  1.9663e+01  4.3624e+01  1.5997e+02  4.0632e+01  2.0040e+01  9.2444e+00  1.4745e+01  2.6615e+01  3.0302e+03  1.0176e+02  1.0078e+02  4.6097e+01  4.0540e+01
   REU  6.5312e+01  3.3046e+00  6.2116e+00  6.2675e+00  1.3893e+01  5.9138e+01  1.6945e+01  7.0529e+00  2.9305e+00  5.2789e+00  8.5782e+00  2.8269e+02  1.1364e+03  4.8437e+01  9.7477e+00  5.3020e+01
   MNA  1.7961e+02  8.8664e+00  1.3257e+01  2.0628e+01  1.1609e+02  2.9514e+02  6.2842e+01  7.3406e+01  4.9531e+01  1.5640e+01  1.7122e+01  3.1980e+02  4.0575e+01  1.9302e+03  4.1464e+01  3.9144e+01
   AFR  2.9904e+01  1.7630e+00  2.7581e+00  3.8125e+00  9.6628e+00  3.0259e+01  7.8568e+00  1.0743e+01  1.5793e+00  4.4455e+00  2.9516e+00  6.6419e+01  6.8633e+00  1.6172e+01  4.9178e+02  5.1566e+00
   RUS  1.8830e+02  9.4243e+00  1.3793e+01  1.2000e+01  5.0674e+01  2.4197e+02  4.0738e+01  2.5026e+01  9.9010e+00  1.4603e+01  2.8649e+01  4.5234e+02  1.3969e+02  1.2164e+02  1.5800e+01  2.7463e+03

    18         USA         MEX         CAN         OCN         JAP         EAA         SEA         IND         SOA         BRA         LAM         WEU         REU         MNA         AFR         RUS
   USA  5.9752e+03  9.1255e+01  1.1130e+02  2.8910e+01  8.0371e+01  2.7287e+02  5.5997e+01  1.6682e+01  8.2529e+00  1.7310e+01  7.3248e+01  2.5572e+02  2.7175e+01  5.8749e+01  2.3799e+01  2.0620e+01
   MEX  6.9658e+01  3.7355e+02  2.9034e+00  6.7945e-01  3.9468e+00  1.9135e+01  3.5285e+00  1.3640e+00  3.5897e-01  1.9616e+00  4.2932e+00  1.5533e+01  1.6365e+00  2.1315e+00  9.1024e-01  7.1239e-01
   CAN  1.8293e+02  5.1569e+00  4.4266e+02  2.7527e+00  8.4332e+00  3.4128e+01  5.8771e+00  2.3517e+00  1.1620e+00  1.9831e+00  6.1084e+00  3.5649e+01  4.2462e+00  6.5678e+00  2.6436e+00  2.6887e+00
   OCN  2.3805e+01  1.1224e+00  2.3661e+00  4.1736e+02  1.7586e+01  4.5684e+01  1.1542e+01  1.5048e+01  1.5450e+00  9.8420e-01  2.0597e+00  2.9846e+01  2.9592e+00  8.4254e+00  2.9649e+00  2.0252e+00
   JAP  4.9242e+01  2.9552e+00  3.8544e+00  7.2572e+00  1.0260e+03  9.4298e+01  1.7129e+01  3.6569e+00  1.5017e+00  2.3615e+00  3.9880e+00  3.9279e+01  4.4380e+00  1.7695e+01  3.3984e+00  3.9320e+00
   EAA  1.2347e+03  7.0634e+01  1.0712e+02  1.3379e+02  5.2890e+02  1.0230e+04  3.7570e+02  1.0251e+02  4.0787e+01  4.8005e+01  1.1203e+02  1.1024e+03  1.3233e+02  3.0406e+02  9.4565e+01  1.2587e+02
   SEA  1.2170e+02  7.1874e+00  1.0285e+01  3.8485e+01  5.9579e+01  2.1071e+02  8.4031e+02  1.7262e+01  1.0802e+01  4.4188e+00  1.0423e+01  1.4816e+02  1.8802e+01  4.1085e+01  1.1574e+01  1.3428e+01
   IND  8.4004e+01  3.9086e+00  7.1867e+00  1.3713e+01  1.8369e+01  8.5466e+01  3.4090e+01  2.0083e+03  2.4381e+01  5.1253e+00  8.2632e+00  1.1808e+02  1.2554e+01  8.5087e+01  3.0567e+01  1.0861e+01
   SOA  7.9770e+00  3.0077e-01  7.2185e-01  1.0188e+00  2.0776e+00  1.0314e+01  3.5841e+00  5.9114e+00  2.2215e+02  4.3363e-01  6.2513e-01  1.2480e+01  1.2194e+00  5.7127e+00  1.0565e+00  1.1574e+00
   BRA  3.7785e+01  2.8379e+00  2.1884e+00  1.3384e+00  5.0550e+00  2.4768e+01  4.3449e+00  1.6774e+00  6.9991e-01  3.0912e+02  1.5302e+01  2.7719e+01  3.8158e+00  8.6208e+00  5.5640e+00  3.6131e+00
   LAM  1.6691e+02  1.2946e+01  1.0691e+01  4.5107e+00  1.3245e+01  5.3686e+01  9.0257e+00  3.7881e+00  1.6154e+00  2.4761e+01  6.9981e+02  7.7833e+01  8.5377e+00  1.2923e+01  6.0704e+00  8.8560e+00
   WEU  2.4971e+02  1.1862e+01  2.1007e+01  1.9876e+01  4.3442e+01  1.6600e+02  4.1305e+01  2.0478e+01  9.4099e+00  1.4803e+01  2.6797e+01  3.0334e+03  1.0232e+02  1.0212e+02  4.6796e+01  4.0962e+01
   REU  6.6140e+01  3.3414e+00  6.2634e+00  6.3826e+00  1.3923e+01  6.1828e+01  1.7468e+01  7.2528e+00  2.9932e+00  5.3364e+00  8.6900e+00  2.8402e+02  1.1562e+03  4.9449e+01  9.9097e+00  5.3971e+01
   MNA  1.8254e+02  8.9991e+00  1.3474e+01  2.1111e+01  1.1610e+02  3.0869e+02  6.4468e+01  7.5849e+01  5.0751e+01  1.5755e+01  1.7450e+01  3.2193e+02  4.1372e+01  1.9725e+03  4.2125e+01  4.0132e+01
   AFR  3.0003e+01  1.7723e+00  2.7624e+00  3.8558e+00  9.5803e+00  3.1365e+01  7.9864e+00  1.1008e+01  1.6170e+00  4.4697e+00  2.9712e+00  6.6242e+01  6.9267e+00  1.6381e+01  4.9956e+02  5.2424e+00
   RUS  1.9297e+02  9.6685e+00  1.4094e+01  1.2361e+01  5.1245e+01  2.5467e+02  4.1992e+01  2.6045e+01  1.0200e+01  1.4871e+01  2.9345e+01  4.5807e+02  1.4239e+02  1.2511e+02  1.6201e+01  2.8032e+03

    19         USA         MEX         CAN         OCN         JAP         EAA         SEA         IND         SOA         BRA         LAM         WEU         REU         MNA         AFR         RUS
   USA  6.0128e+03  9.1133e+01  1.1090e+02  2.9398e+01  8.0433e+01  2.8376e+02  5.7203e+01  1.7115e+01  8.3982e+00  1.7342e+01  7.3787e+01  2.5488e+02  2.7481e+01  5.9493e+01  2.4103e+01  2.0916e+01
   MEX  7.0526e+01  3.7783e+02  2.9114e+00  6.9272e-01  3.9480e+00  1.9989e+01  3.6039e+00  1.4571e+00  3.6822e-01  1.9697e+00  4.3489e+00  1.5592e+01  1.6616e+00  2.1725e+00  9.2710e-01  7.2709e-01
   CAN  1.8444e+02  5.1777e+00  4.4803e+02  2.7948e+00  8.4320e+00  3.5707e+01  5.9871e+00  2.4276e+00  1.1871e+00  1.9979e+00  6.1643e+00  3.5687e+01  4.3021e+00  6.6664e+00  2.6906e+00  2.7427e+00
   OCN  2.4049e+01  1.1341e+00  2.3827e+00  4.2529e+02  1.7308e+01  4.7531e+01  1.1681e+01  1.5422e+01  1.5735e+00  9.9117e-01  2.0823e+00  2.9898e+01  3.0022e+00  8.5253e+00  2.9993e+00  2.0645e+00
   JAP  4.9334e+01  2.9591e+00  3.8604e+00  7.2990e+00  1.0255e+03  9.6732e+01  1.7190e+01  3.7442e+00  1.5144e+00  2.3625e+00  4.0059e+00  3.9138e+01  4.4721e+00  1.7853e+01  3.4252e+00  3.9729e+00
   EAA  1.2860e+03  7.3547e+01  1.1151e+02  1.3938e+02  5.3942e+02  1.0690e+04  3.8999e+02  1.0858e+02  4.2507e+01  4.9442e+01  1.1653e+02  1.1412e+03  1.3843e+02  3.1680e+02  9.8815e+01  1.3177e+02
   SEA  1.2481e+02  7.3589e+00  1.0531e+01  3.9322e+01  5.9885e+01  2.2074e+02  8.6102e+02  1.7940e+01  1.1049e+01  4.5026e+00  1.0678e+01  1.5068e+02  1.9312e+01  4.2195e+01  1.1897e+01  1.3842e+01
   IND  8.7137e+01  4.0512e+00  7.4531e+00  1.4129e+01  1.8747e+01  9.0623e+01  3.5237e+01  2.0826e+03  2.5095e+01  5.2529e+00  8.5721e+00  1.2158e+02  1.3086e+01  8.8262e+01  3.1531e+01  1.1313e+01
   SOA  8.2518e+00  3.1068e-01  7.4603e-01  1.0560e+00  2.1163e+00  1.0949e+01  3.7135e+00  6.2693e+00  2.3026e+02  4.5031e-01  6.4766e-01  1.2823e+01  1.2661e+00  5.9142e+00  1.1023e+00  1.2033e+00
   BRA  3.7981e+01  2.8197e+00  2.1844e+00  1.3586e+00  5.0616e+00  2.6291e+01  4.4535e+00  1.7157e+00  7.1563e-01  3.1192e+02  1.5267e+01  2.7588e+01  3.8442e+00  8.7339e+00  5.6496e+00  3.6480e+00
   LAM  1.6922e+02  1.3084e+01  1.0789e+01  4.6129e+00  1.3287e+01  5.6389e+01  9.2578e+00  3.9218e+00  1.6572e+00  2.5110e+01  7.1190e+02  7.8292e+01  8.6887e+00  1.3218e+01  6.2114e+00  9.0853e+00
   WEU  2.5165e+02  1.1885e+01  2.1098e+01  2.0075e+01  4.3263e+01  1.7263e+02  4.1951e+01  2.0957e+01  9.5651e+00  1.4847e+01  2.6954e+01  3.0349e+03  1.0285e+02  1.0348e+02  4.7612e+01  4.1343e+01
   REU  6.7002e+01  3.3752e+00  6.3185e+00  6.4975e+00  1.3959e+01  6.4828e+01  1.8022e+01  7.4722e+00  3.0534e+00  5.3904e+00  8.7957e+00  2.8542e+02  1.1763e+03  5.0500e+01  1.0096e+01  5.4920e+01
   MNA  1.8541e+02  9.1156e+00  1.3689e+01  2.1568e+01  1.1599e+02  3.2320e+02  6.5983e+01  7.8432e+01  5.1867e+01  1.5836e+01  1.7755e+01  3.2360e+02  4.2135e+01  2.0141e+03  4.2835e+01  4.1059e+01
   AFR  3.0174e+01  1.7841e+00  2.7743e+00  3.9082e+00  9.5175e+00  3.2635e+01  8.1301e+00  1.1313e+01  1.6576e+00  4.4963e+00  2.9953e+00  6.6265e+01  7.0090e+00  1.6627e+01  5.0892e+02  5.3415e+00
   RUS  1.9721e+02  9.8716e+00  1.4362e+01  1.2691e+01  5.1657e+01  2.6789e+02  4.3062e+01  2.7059e+01  1.0502e+01  1.5079e+01  2.9937e+01  4.6226e+02  1.4476e+02  1.2833e+02  1.6597e+01  2.8583e+03

    20         USA         MEX         CAN         OCN         JAP         EAA         SEA         IND         SOA         BRA         LAM         WEU         REU         MNA         AFR         RUS
   USA  6.0496e+03  9.1208e+01  1.1058e+02  2.9932e+01  8.0512e+01  2.9427e+02  5.8518e+01  1.7528e+01  8.5652e+00  1.7421e+01  7.4419e+01  2.5446e+02  2.7848e+01  6.0257e+01  2.4372e+01  2.1216e+01
   MEX  7.1385e+01  3.8264e+02  2.9238e+00  7.0587e-01  3.9575e+00  2.0841e+01  3.6812e+00  1.5471e+00  3.7853e-01  1.9798e+00  4.4040e+00  1.5649e+01  1.6863e+00  2.2132e+00  9.4084e-01  7.4100e-01
   CAN  1.8604e+02  5.2068e+00  4.5345e+02  2.8398e+00  8.4319e+00  3.7265e+01  6.1021e+00  2.5000e+00  1.2139e+00  2.0185e+00  6.2271e+00  3.5758e+01  4.3630e+00  6.7663e+00  2.7340e+00  2.7977e+00
   OCN  2.4279e+01  1.1471e+00  2.3987e+00  4.3325e+02  1.7053e+01  4.9360e+01  1.1823e+01  1.5750e+01  1.5997e+00  9.9929e-01  2.1054e+00  2.9930e+01  3.0443e+00  8.6203e+00  3.0254e+00  2.1021e+00
   JAP  4.9410e+01  2.9675e+00  3.8654e+00  7.3456e+00  1.0253e+03  9.9119e+01  1.7267e+01  3.8263e+00  1.5320e+00  2.3677e+00  4.0278e+00  3.9014e+01  4.5086e+00  1.8013e+01  3.4480e+00  4.0136e+00
   EAA  1.3344e+03  7.6440e+01  1.1565e+02  1.4484e+02  5.4908e+02  1.1139e+04  4.0401e+02  1.1446e+02  4.4331e+01  5.0894e+01  1.2098e+02  1.1780e+03  1.4444e+02  3.2915e+02  1.0282e+02  1.3752e+02
   SEA  1.2794e+02  7.5447e+00  1.0780e+01  4.0195e+01  6.0251e+01  2.3088e+02  8.8261e+02  1.8611e+01  1.1347e+01  4.5965e+00  1.0949e+01  1.5330e+02  1.9848e+01  4.3338e+01  1.2213e+01  1.4267e+01
   IND  9.0078e+01  4.1940e+00  7.7026e+00  1.4535e+01  1.9093e+01  9.5711e+01  3.6380e+01  2.1536e+03  2.5900e+01  5.3852e+00  8.8818e+00  1.2487e+02  1.3611e+01  9.1355e+01  3.2420e+01  1.1753e+01
   SOA  8.5074e+00  3.2005e-01  7.6806e-01  1.0883e+00  2.1456e+00  1.1551e+01  3.8320e+00  6.5693e+00  2.3832e+02  4.6251e-01  6.6814e-01  1.3134e+01  1.3081e+00  6.0985e+00  1.1418e+00  1.2452e+00
   BRA  3.8090e+01  2.7964e+00  2.1778e+00  1.3783e+00  5.0814e+00  2.7913e+01  4.5672e+00  1.7477e+00  7.3068e-01  3.1471e+02  1.5194e+01  2.7431e+01  3.8711e+00  8.8630e+00  5.7129e+00  3.6947e+00
   LAM  1.7120e+02  1.3222e+01  1.0872e+01  4.7098e+00  1.3315e+01  5.9035e+01  9.4820e+00  4.0443e+00  1.7012e+00  2.5466e+01  7.2414e+02  7.8641e+01  8.8301e+00  1.3507e+01  6.3343e+00  9.3079e+00
   WEU  2.5345e+02  1.1921e+01  2.1180e+01  2.0278e+01  4.3089e+01  1.7910e+02  4.2608e+01  2.1398e+01  9.7493e+00  1.4914e+01  2.7129e+01  3.0367e+03  1.0340e+02  1.0482e+02  4.8324e+01  4.1713e+01
   REU  6.7847e+01  3.4141e+00  6.3714e+00  6.6166e+00  1.3999e+01  6.7857e+01  1.8606e+01  7.6827e+00  3.1242e+00  5.4573e+00  8.9130e+00  2.8704e+02  1.1970e+03  5.1574e+01  1.0266e+01  5.5870e+01
   MNA  1.8827e+02  9.2476e+00  1.3904e+01  2.2039e+01  1.1591e+02  3.3763e+02  6.7554e+01  8.0917e+01  5.3196e+01  1.5945e+01  1.8082e+01  3.2541e+02  4.2932e+01  2.0562e+03  4.3471e+01  4.1996e+01
   AFR  3.0261e+01  1.7932e+00  2.7780e+00  3.9474e+00  9.4362e+00  3.3826e+01  8.2586e+00  1.1586e+01  1.6919e+00  4.5251e+00  3.0142e+00  6.6034e+01  7.0697e+00  1.6831e+01  5.1667e+02  5.4229e+00
   RUS  2.0135e+02  1.0091e+01  1.4623e+01  1.3026e+01  5.2074e+01  2.8117e+02  4.4139e+01  2.8048e+01  1.0831e+01  1.5315e+01  3.0567e+01  4.6648e+02  1.4719e+02  1.3155e+02  1.6967e+01  2.9128e+03

